!Keysight Technologies,N5224A,MY51441707,A.10.40.14
!Date: Friday, January 31, 2020 11:12:12
!Correction: S11(Full 2 Port(1,2)) 
!S21(Full 2 Port(1,2)) 
!S12(Full 2 Port(1,2)) 
!S22(Full 2 Port(1,2)) 
!S2P File: Measurements: S11, S21, S12, S22:
# Hz S  dB   R 50
8200000000 -0.76854718 175.54002 -20.560661 -107.93988 -20.550453 -108.18678 -0.6577875 -179.21294
8205250000 -0.7716679 175.51674 -20.558338 -108.01046 -20.552052 -108.17995 -0.66033012 -179.24998
8210500000 -0.76314843 175.47612 -20.543478 -108.00281 -20.528055 -108.21999 -0.65965927 -179.21509
8215750000 -0.76803327 175.45679 -20.522539 -107.97495 -20.499134 -108.20409 -0.65551114 -179.20935
8221000000 -0.76795477 175.42865 -20.507372 -108.02917 -20.480427 -108.15256 -0.65963304 -179.22948
8226250000 -0.76783329 175.40976 -20.495861 -107.99263 -20.476381 -108.15434 -0.65855163 -179.24191
8231500000 -0.76942241 175.37843 -20.467543 -108.00801 -20.456707 -108.13791 -0.66058946 -179.29593
8236750000 -0.76909953 175.36317 -20.457489 -108.0079 -20.446871 -108.14438 -0.6640715 -179.28447
8242000000 -0.76823312 175.35124 -20.447165 -107.99147 -20.435272 -108.16312 -0.65955955 -179.29097
8247250000 -0.7747249 175.32253 -20.43396 -108.01936 -20.421709 -108.19999 -0.66219819 -179.32889
8252500000 -0.76894122 175.33102 -20.417528 -108.04134 -20.421846 -108.14748 -0.66088587 -179.3168
8257750000 -0.77443355 175.32097 -20.405819 -107.86867 -20.387627 -108.15921 -0.66567129 -179.29494
8263000000 -0.76851267 175.29886 -20.379822 -107.92666 -20.378386 -108.20928 -0.665806 -179.33119
8268250000 -0.7666418 175.27286 -20.365755 -107.91164 -20.376215 -108.14045 -0.66295695 -179.34929
8273500000 -0.77383679 175.28033 -20.349913 -108.02696 -20.349995 -108.26247 -0.66761696 -179.32532
8278750000 -0.76963031 175.3042 -20.336464 -107.95118 -20.324543 -108.12042 -0.66371876 -179.35588
8284000000 -0.76604801 175.29633 -20.320881 -107.85524 -20.318695 -108.06847 -0.66406608 -179.36264
8289250000 -0.75677305 175.29233 -20.301741 -107.98779 -20.300619 -108.10384 -0.66695416 -179.38686
8294500000 -0.75999457 175.32378 -20.277498 -108.02469 -20.282379 -108.23296 -0.66712058 -179.38467
8299750000 -0.7585519 175.30634 -20.295099 -107.92781 -20.260069 -108.13258 -0.67110819 -179.45413
8305000000 -0.75357485 175.32333 -20.263924 -107.9617 -20.237364 -108.11496 -0.67714339 -179.47197
8310250000 -0.75323284 175.34685 -20.235798 -107.90993 -20.225782 -108.14156 -0.67499405 -179.44905
8315500000 -0.76017916 175.3708 -20.231987 -107.95187 -20.207508 -108.09975 -0.68064201 -179.51129
8320750000 -0.75442767 175.37827 -20.206787 -107.83022 -20.197851 -107.85545 -0.6872142 -179.49585
8326000000 -0.75343513 175.38562 -20.199669 -107.79443 -20.194855 -108.09399 -0.68555987 -179.54881
8331250000 -0.75042236 175.39839 -20.179022 -107.86865 -20.167456 -108.0755 -0.69102621 -179.60641
8336500000 -0.74918562 175.42532 -20.167711 -107.87307 -20.149786 -108.03972 -0.68774188 -179.61752
8341750000 -0.74879354 175.47057 -20.150007 -107.80152 -20.133211 -108.05145 -0.69603223 -179.64198
8347000000 -0.73826528 175.4882 -20.123699 -107.90188 -20.121433 -107.95301 -0.69752163 -179.68289
8352250000 -0.74445671 175.5098 -20.111404 -107.80124 -20.104267 -108.07635 -0.69425714 -179.69379
8357500000 -0.74196255 175.53191 -20.090508 -107.76237 -20.088346 -107.92906 -0.69949478 -179.71579
8362750000 -0.7394672 175.5392 -20.08362 -107.80155 -20.075075 -107.94897 -0.69966578 -179.75575
8368000000 -0.73423362 175.5528 -20.062269 -107.81904 -20.063652 -107.8899 -0.69695151 -179.79256
8373250000 -0.73378146 175.55475 -20.048319 -107.74573 -20.033533 -107.92503 -0.69938207 -179.86292
8378500000 -0.73238057 175.56905 -20.027807 -107.69167 -19.996138 -107.96181 -0.70506954 -179.86829
8383750000 -0.72937691 175.60667 -20.020739 -107.70712 -20.015137 -107.87814 -0.7099061 -179.91129
8389000000 -0.72625184 175.65283 -19.995708 -107.73724 -19.974211 -107.82838 -0.70866829 -179.87474
8394250000 -0.73111725 175.68579 -19.9807 -107.60707 -19.956673 -107.9664 -0.7122786 -179.93733
8399500000 -0.72401577 175.72675 -19.953051 -107.65298 -19.947817 -107.97318 -0.7159903 -179.96017
8404750000 -0.71906239 175.70551 -19.936956 -107.62886 -19.936129 -107.77693 -0.71468717 -179.97205
8410000000 -0.7185902 175.78046 -19.915609 -107.54732 -19.916563 -107.7804 -0.71519065 179.99089
8415250000 -0.71515673 175.80638 -19.920502 -107.61981 -19.893385 -107.7567 -0.71992546 179.9599
8420500000 -0.71229285 175.82312 -19.894756 -107.6751 -19.888735 -107.79305 -0.72886074 179.90343
8425750000 -0.7134915 175.85963 -19.880325 -107.64057 -19.873558 -107.73735 -0.73121893 179.8869
8431000000 -0.70844895 175.88313 -19.861786 -107.64677 -19.837593 -107.73763 -0.732198 179.84448
8436250000 -0.71083736 175.91394 -19.843327 -107.49358 -19.836361 -107.76054 -0.73479199 179.80527
8441500000 -0.71107167 175.89857 -19.825838 -107.49358 -19.802153 -107.71907 -0.73469418 179.74921
8446750000 -0.7057184 175.94751 -19.808977 -107.41636 -19.793097 -107.66506 -0.73249537 179.7569
8452000000 -0.70666867 175.95001 -19.787874 -107.49071 -19.774807 -107.61678 -0.73643219 179.72681
8457250000 -0.70440626 175.99109 -19.765385 -107.42329 -19.751112 -107.63285 -0.73987973 179.68443
8462500000 -0.70546222 175.9653 -19.740454 -107.39584 -19.739737 -107.6562 -0.74235886 179.67767
8467750000 -0.70386976 176.00252 -19.738054 -107.3721 -19.72649 -107.63457 -0.74609214 179.65828
8473000000 -0.70061421 176.00334 -19.713951 -107.39291 -19.686863 -107.50362 -0.73971713 179.60396
8478250000 -0.70077968 176.02112 -19.687939 -107.34604 -19.684469 -107.55925 -0.7372151 179.60083
8483500000 -0.7008611 176.02362 -19.66128 -107.39694 -19.671385 -107.54305 -0.74075806 179.54033
8488750000 -0.69602573 176.02748 -19.664083 -107.34196 -19.637781 -107.49229 -0.74594218 179.54353
8494000000 -0.69550651 176.03569 -19.631212 -107.25241 -19.614098 -107.57267 -0.74160874 179.53102
8499250000 -0.70075303 176.04314 -19.604546 -107.28047 -19.614513 -107.44279 -0.74368924 179.52032
8504500000 -0.69731796 176.02344 -19.596455 -107.3168 -19.595049 -107.50754 -0.74295622 179.46498
8509750000 -0.69431895 176.04726 -19.577717 -107.21532 -19.56155 -107.46629 -0.75026739 179.47307
8515000000 -0.69440818 176.01266 -19.574387 -107.17801 -19.558685 -107.45541 -0.74936897 179.43906
8520250000 -0.69399565 176.02798 -19.552256 -107.19289 -19.530077 -107.42307 -0.75412077 179.41013
8525500000 -0.69640654 176.0145 -19.515406 -107.24987 -19.51516 -107.44534 -0.74758762 179.38242
8530750000 -0.69448519 176.01176 -19.503317 -107.26244 -19.494041 -107.48019 -0.75094062 179.35931
8536000000 -0.69449246 175.97507 -19.480503 -107.23851 -19.470695 -107.48043 -0.75157213 179.35489
8541250000 -0.69543523 175.98398 -19.452595 -107.23206 -19.457508 -107.40719 -0.75583166 179.32707
8546500000 -0.69532317 175.97084 -19.440386 -107.19572 -19.440817 -107.39526 -0.75266504 179.29448
8551750000 -0.7004987 175.93307 -19.414804 -107.13801 -19.417959 -107.33929 -0.75658184 179.27933
8557000000 -0.70379007 175.93658 -19.409298 -107.17266 -19.408028 -107.33658 -0.75529665 179.27745
8562250000 -0.69869447 175.88844 -19.368362 -107.11094 -19.377357 -107.31482 -0.75192696 179.23994
8567500000 -0.70078975 175.86148 -19.366709 -107.0862 -19.354057 -107.22046 -0.75006473 179.22142
8572750000 -0.70088625 175.81773 -19.342487 -107.10092 -19.324718 -107.31033 -0.74813634 179.22234
8578000000 -0.70477265 175.77934 -19.326185 -107.12266 -19.320099 -107.3064 -0.74818414 179.17979
8583250000 -0.70314729 175.78079 -19.301506 -107.04124 -19.294319 -107.30288 -0.74460816 179.17545
8588500000 -0.70769006 175.71365 -19.28005 -107.12151 -19.280466 -107.25374 -0.74185658 179.17688
8593750000 -0.70658493 175.67393 -19.266449 -107.08353 -19.266716 -107.2783 -0.73995709 179.18585
8599000000 -0.70188659 175.63029 -19.249889 -107.00792 -19.241728 -107.25242 -0.73719084 179.16847
8604250000 -0.70896292 175.63065 -19.221262 -107.11243 -19.223547 -107.22071 -0.73750478 179.15652
8609500000 -0.71599573 175.5547 -19.210798 -107.04808 -19.213884 -107.31195 -0.73834044 179.16681
8614750000 -0.71200818 175.52058 -19.191051 -107.07834 -19.185085 -107.3266 -0.73397809 179.14973
8620000000 -0.71502119 175.49292 -19.179134 -107.04382 -19.164818 -107.16274 -0.73818374 179.14835
8625250000 -0.71440977 175.44666 -19.153908 -107.00301 -19.141016 -107.22833 -0.73512191 179.14496
8630500000 -0.71854103 175.40906 -19.134098 -107.04352 -19.122858 -107.15943 -0.73546034 179.16322
8635750000 -0.71955156 175.33681 -19.117989 -107.10132 -19.098835 -107.23637 -0.73406649 179.13504
8641000000 -0.72523654 175.30255 -19.098885 -107.06059 -19.084137 -107.20892 -0.73490506 179.12628
8646250000 -0.72844326 175.23186 -19.069317 -107.03946 -19.063414 -107.21603 -0.73099101 179.08589
8651500000 -0.72922647 175.20718 -19.05971 -106.95458 -19.046886 -107.146 -0.7317872 179.09212
8656750000 -0.73511308 175.15698 -19.037468 -107.00061 -19.027096 -107.1899 -0.72875863 179.1114
8662000000 -0.73423976 175.09984 -19.022814 -107.08643 -19.001236 -107.16467 -0.72306919 179.09245
8667250000 -0.73953813 175.0569 -19.001322 -106.99276 -18.992184 -107.18843 -0.72281253 179.10112
8672500000 -0.73903632 174.95694 -18.966993 -106.98006 -18.970062 -107.17326 -0.71768546 179.06541
8677750000 -0.74494749 174.89151 -18.959904 -107.02486 -18.93474 -107.12028 -0.71618015 179.06319
8683000000 -0.7484042 174.83061 -18.926752 -107.03442 -18.921602 -107.17114 -0.71025687 179.0719
8688250000 -0.75103742 174.77776 -18.92251 -107.01877 -18.912434 -107.15623 -0.70593697 179.09369
8693500000 -0.75264949 174.7272 -18.900986 -106.94405 -18.90172 -107.17244 -0.70646864 179.0589
8698750000 -0.750983 174.65105 -18.891741 -107.06651 -18.866373 -107.14783 -0.69983357 179.09525
8704000000 -0.75675124 174.61168 -18.871027 -107.04842 -18.859381 -107.13425 -0.70337951 179.06297
8709250000 -0.75613934 174.55487 -18.857395 -107.04014 -18.839167 -107.18356 -0.70189685 179.08939
8714500000 -0.75882274 174.49028 -18.830959 -107.02187 -18.813919 -107.09865 -0.69988358 179.09528
8719750000 -0.76099324 174.43457 -18.799841 -106.98969 -18.796021 -107.14824 -0.69513857 179.08482
8725000000 -0.76347262 174.39507 -18.78554 -107.04541 -18.778902 -107.17776 -0.69823587 179.09666
8730250000 -0.76484418 174.34096 -18.772058 -106.9968 -18.755573 -107.1787 -0.69595885 179.06291
8735500000 -0.76867622 174.28326 -18.744091 -107.00076 -18.740831 -107.13599 -0.69654208 179.08946
8740750000 -0.76538217 174.24164 -18.720116 -107.09689 -18.730898 -107.23067 -0.6955474 179.07581
8746000000 -0.77061182 174.18275 -18.702806 -107.03455 -18.691952 -107.20533 -0.69472432 179.0919
8751250000 -0.77410227 174.13867 -18.675814 -107.04356 -18.673014 -107.16659 -0.68866163 179.08641
8756500000 -0.77395153 174.07217 -18.673674 -107.10396 -18.653034 -107.2004 -0.68517947 179.06108
8761750000 -0.77998656 174.00764 -18.639986 -107.06331 -18.640709 -107.17307 -0.68954575 179.06313
8767000000 -0.78003079 173.9592 -18.62785 -107.04642 -18.614922 -107.13446 -0.68333542 179.05557
8772250000 -0.78362721 173.91219 -18.617601 -107.01786 -18.583126 -107.17399 -0.68184263 179.0197
8777500000 -0.78197294 173.83289 -18.587296 -107.03148 -18.586493 -107.24398 -0.68275267 179.04568
8782750000 -0.782929 173.81006 -18.556843 -107.04425 -18.560163 -107.27378 -0.67771637 179.02357
8788000000 -0.78852206 173.7354 -18.540924 -107.04047 -18.531704 -107.1767 -0.67691833 178.98833
8793250000 -0.78603441 173.71309 -18.521677 -107.01051 -18.507078 -107.21204 -0.67189276 179.01512
8798500000 -0.79161489 173.6499 -18.51824 -107.03358 -18.488111 -107.21122 -0.66619527 179.01476
8803750000 -0.78695607 173.62296 -18.479656 -107.03692 -18.463196 -107.17253 -0.66929877 179.0204
8809000000 -0.78589123 173.57266 -18.459099 -107.08757 -18.448071 -107.18555 -0.66641146 178.99559
8814250000 -0.78669596 173.53595 -18.448917 -107.06813 -18.431812 -107.2397 -0.66348881 179.00458
8819500000 -0.7825343 173.52098 -18.408182 -107.07362 -18.39465 -107.17286 -0.66765499 178.99561
8824750000 -0.78580528 173.47333 -18.392187 -107.02386 -18.383883 -107.20579 -0.668733 178.98093
8830000000 -0.78157461 173.44719 -18.365839 -107.11175 -18.358007 -107.21963 -0.66788542 178.99583
8835250000 -0.78644472 173.39278 -18.351742 -107.0844 -18.342163 -107.24035 -0.66657448 178.98483
8840500000 -0.78767657 173.37912 -18.334091 -107.08302 -18.320816 -107.23741 -0.67297524 178.96095
8845750000 -0.79063839 173.35251 -18.31254 -107.07779 -18.306534 -107.24431 -0.67618972 178.92731
8851000000 -0.78575581 173.32912 -18.293896 -107.02663 -18.272419 -107.15938 -0.67169058 178.91983
8856250000 -0.78724456 173.31836 -18.263124 -107.07495 -18.254919 -107.22375 -0.67640191 178.89468
8861500000 -0.79043925 173.26884 -18.248955 -107.09385 -18.231007 -107.21573 -0.67652792 178.89952
8866750000 -0.78862149 173.25832 -18.232277 -107.0465 -18.20896 -107.22808 -0.67531586 178.89578
8872000000 -0.79084021 173.24117 -18.200497 -107.01482 -18.189346 -107.26573 -0.67649972 178.84723
8877250000 -0.79012132 173.18234 -18.177561 -107.1115 -18.168514 -107.22879 -0.67576081 178.82379
8882500000 -0.78479332 173.19534 -18.149668 -107.0459 -18.133467 -107.23731 -0.67546475 178.79292
8887750000 -0.78431213 173.16093 -18.134304 -107.14823 -18.116798 -107.32645 -0.67148888 178.75175
8893000000 -0.78467816 173.1239 -18.10907 -107.11293 -18.115324 -107.22425 -0.67771804 178.76183
8898250000 -0.78326625 173.10773 -18.093605 -107.13001 -18.07506 -107.19667 -0.67520267 178.72769
8903500000 -0.77818811 173.10258 -18.055513 -107.11587 -18.052023 -107.25891 -0.6732198 178.70105
8908750000 -0.77905709 173.08633 -18.041925 -107.11581 -18.025429 -107.27158 -0.67408371 178.67442
8914000000 -0.7791006 173.07458 -18.010477 -107.1305 -18.008181 -107.34564 -0.68143517 178.66524
8919250000 -0.77869993 173.08656 -17.98303 -107.20022 -17.971083 -107.31387 -0.67973727 178.65173
8924500000 -0.77748257 173.07756 -17.962011 -107.19416 -17.951738 -107.32835 -0.68651783 178.5992
8929750000 -0.77484232 173.06508 -17.944845 -107.23026 -17.933254 -107.37198 -0.6878314 178.59625
8935000000 -0.77529526 173.08191 -17.920843 -107.21486 -17.90901 -107.29794 -0.68570924 178.56194
8940250000 -0.77244037 173.10066 -17.89765 -107.14617 -17.89345 -107.33218 -0.69173408 178.53258
8945500000 -0.77056903 173.09366 -17.876099 -107.22915 -17.877304 -107.32927 -0.69345605 178.46872
8950750000 -0.76978618 173.07811 -17.850897 -107.26192 -17.832951 -107.33574 -0.68744725 178.45499
8956000000 -0.76837748 173.06378 -17.818609 -107.22695 -17.810743 -107.32144 -0.69650215 178.44089
8961250000 -0.76459718 173.09641 -17.791536 -107.18552 -17.786514 -107.37666 -0.7011224 178.38271
8966500000 -0.76973152 173.09134 -17.768608 -107.2506 -17.758221 -107.35522 -0.70225441 178.35217
8971750000 -0.76638687 173.0724 -17.736956 -107.2682 -17.726637 -107.40414 -0.70478934 178.30914
8977000000 -0.76413965 173.08269 -17.717012 -107.27769 -17.705687 -107.38156 -0.70501339 178.29288
8982250000 -0.76147193 173.0686 -17.699923 -107.32723 -17.676838 -107.44746 -0.70838064 178.23601
8987500000 -0.75728744 173.07796 -17.661951 -107.32264 -17.654703 -107.40588 -0.70879805 178.19598
8992750000 -0.76219636 173.04124 -17.643837 -107.31599 -17.630737 -107.4416 -0.71258324 178.12491
8998000000 -0.76250058 173.04967 -17.625086 -107.32101 -17.616371 -107.4326 -0.7163952 178.11224
9003250000 -0.75814986 173.06273 -17.593304 -107.30823 -17.580387 -107.44315 -0.7116335 178.07834
9008500000 -0.75809669 173.07471 -17.561136 -107.29178 -17.556683 -107.42346 -0.71627116 178.04352
9013750000 -0.75813204 173.01837 -17.547707 -107.3621 -17.528128 -107.46218 -0.71843439 177.98495
9019000000 -0.74919689 173.05794 -17.503504 -107.39561 -17.495714 -107.49295 -0.72059488 177.95062
9024250000 -0.74915034 173.0627 -17.486797 -107.36568 -17.474911 -107.48162 -0.72585958 177.92194
9029500000 -0.7502439 173.06418 -17.46941 -107.52696 -17.457043 -107.52866 -0.73511851 177.89317
9034750000 -0.74708468 173.08253 -17.432146 -107.49165 -17.418798 -107.60759 -0.73872 177.87981
9040000000 -0.74533349 173.05791 -17.397352 -107.46703 -17.393654 -107.56284 -0.73303664 177.82077
9045250000 -0.74377716 173.0782 -17.37822 -107.46629 -17.370178 -107.64056 -0.73961496 177.76221
9050500000 -0.7400586 173.07442 -17.359055 -107.48936 -17.34004 -107.61258 -0.74170202 177.73221
9055750000 -0.74193883 173.06004 -17.334839 -107.5734 -17.306149 -107.64587 -0.74725878 177.69127
9061000000 -0.74517548 173.07849 -17.312496 -107.57706 -17.284389 -107.65168 -0.75010544 177.67645
9066250000 -0.74020964 173.06963 -17.268438 -107.55412 -17.268656 -107.65299 -0.75108832 177.60954
9071500000 -0.74426341 173.06453 -17.251644 -107.59503 -17.244705 -107.61446 -0.75706172 177.55602
9076750000 -0.74303883 173.06396 -17.217928 -107.59397 -17.196089 -107.83555 -0.7592833 177.51346
9082000000 -0.74331456 173.06329 -17.201376 -107.65277 -17.181995 -107.70686 -0.76701552 177.45206
9087250000 -0.74569184 173.0472 -17.172606 -107.66025 -17.149452 -107.82452 -0.76806033 177.40456
9092500000 -0.74539268 173.03169 -17.138718 -107.71735 -17.127485 -107.7951 -0.76782435 177.33794
9097750000 -0.74169427 173.02713 -17.10878 -107.78283 -17.096539 -107.84833 -0.77039456 177.31888
9103000000 -0.74255019 172.98907 -17.078444 -107.75609 -17.07023 -107.88823 -0.77251554 177.27577
9108250000 -0.74519825 172.97234 -17.052273 -107.75028 -17.031092 -107.90044 -0.77302647 177.22896
9113500000 -0.74431944 172.93727 -17.025824 -107.82664 -17.021885 -107.90003 -0.77706534 177.17206
9118750000 -0.74451625 172.91287 -17.007811 -107.84669 -16.986565 -107.89655 -0.77420294 177.11494
9124000000 -0.74044359 172.89146 -16.969046 -107.91114 -16.962492 -108.02791 -0.77815968 177.10196
9129250000 -0.74612164 172.85913 -16.951187 -107.95038 -16.92955 -108.06891 -0.77685648 177.06148
9134500000 -0.74585563 172.82405 -16.922985 -107.91051 -16.909437 -108.06116 -0.77949929 177.02132
9139750000 -0.74315411 172.82809 -16.881538 -107.98037 -16.874445 -108.1299 -0.77816588 177.02101
9145000000 -0.74533898 172.80409 -16.865652 -108.07618 -16.852663 -108.16669 -0.78733695 176.95433
9150250000 -0.74547619 172.75513 -16.827431 -108.14333 -16.831324 -108.21649 -0.78600031 176.93428
9155500000 -0.74921644 172.75017 -16.80921 -108.10786 -16.799006 -108.20692 -0.79328901 176.90134
9160750000 -0.75010419 172.71838 -16.786371 -108.22052 -16.764248 -108.27684 -0.79428208 176.85435
9166000000 -0.75186956 172.69748 -16.760815 -108.15087 -16.741325 -108.30561 -0.79691833 176.82739
9171250000 -0.75658011 172.65257 -16.733429 -108.27018 -16.717146 -108.3191 -0.79918969 176.78212
9176500000 -0.75726736 172.62047 -16.701799 -108.30627 -16.674824 -108.40017 -0.80175322 176.73836
9181750000 -0.76007992 172.56035 -16.680908 -108.3448 -16.65447 -108.49078 -0.80423099 176.68747
9187000000 -0.76569712 172.52654 -16.654924 -108.44548 -16.631725 -108.49374 -0.80194968 176.62737
9192250000 -0.77040446 172.49767 -16.626316 -108.4564 -16.597204 -108.54032 -0.80247861 176.60738
9197500000 -0.76970559 172.41664 -16.592463 -108.52489 -16.576319 -108.62646 -0.80994886 176.5815
9202750000 -0.77565193 172.35878 -16.560925 -108.58389 -16.563059 -108.62577 -0.81058025 176.53629
9208000000 -0.78086287 172.29881 -16.531384 -108.60133 -16.521469 -108.69367 -0.81618786 176.50974
9213250000 -0.78279597 172.28586 -16.509233 -108.68064 -16.496063 -108.77974 -0.80901504 176.4397
9218500000 -0.78599292 172.22626 -16.486515 -108.7293 -16.46855 -108.79372 -0.81288362 176.4326
9223750000 -0.78787327 172.14774 -16.473234 -108.75518 -16.446297 -108.85245 -0.81013459 176.38269
9229000000 -0.79014152 172.11017 -16.445656 -108.80666 -16.416075 -108.94028 -0.81305426 176.35229
9234250000 -0.7912181 172.03011 -16.404959 -108.91418 -16.389723 -108.96272 -0.81774533 176.34131
9239500000 -0.80119556 171.95805 -16.377741 -108.94852 -16.355709 -109.03031 -0.81395864 176.30588
9244750000 -0.80025506 171.91084 -16.358389 -109.00271 -16.328697 -109.08681 -0.81219697 176.28403
9250000000 -0.80512184 171.84943 -16.331339 -109.03613 -16.301283 -109.1747 -0.8111226 176.25981
9255250000 -0.81043267 171.78355 -16.294489 -109.22669 -16.278194 -109.23669 -0.81678146 176.22781
9260500000 -0.81491584 171.74161 -16.269484 -109.20547 -16.2502 -109.27294 -0.81128687 176.22237
9265750000 -0.8214789 171.67796 -16.252739 -109.24163 -16.239798 -109.36172 -0.81495774 176.17107
9271000000 -0.82167184 171.60376 -16.22233 -109.31445 -16.208536 -109.44207 -0.82171339 176.16792
9276250000 -0.82977802 171.55402 -16.204525 -109.33903 -16.195417 -109.50941 -0.8172552 176.1308
9281500000 -0.83760965 171.47498 -16.179132 -109.38563 -16.1527 -109.51894 -0.81811231 176.09639
9286750000 -0.84380943 171.41498 -16.141659 -109.45027 -16.133482 -109.48964 -0.82398182 176.08157
9292000000 -0.84951031 171.33672 -16.117418 -109.56433 -16.096544 -109.64074 -0.81642079 176.04922
9297250000 -0.85550839 171.28134 -16.095182 -109.62183 -16.076174 -109.66099 -0.82364482 176.01198
9302500000 -0.85359579 171.18449 -16.065712 -109.67219 -16.048803 -109.78188 -0.82178479 175.97855
9307750000 -0.86759889 171.12437 -16.048008 -109.76291 -16.025887 -109.86264 -0.82240611 175.97014
9313000000 -0.87127912 171.04868 -16.015879 -109.79721 -15.995574 -109.79304 -0.8251456 175.9543
9318250000 -0.8698926 170.96574 -15.98481 -109.95518 -15.967081 -109.96432 -0.82298088 175.95241
9323500000 -0.87286621 170.87009 -15.96584 -109.95358 -15.943946 -110.01524 -0.81848866 175.8819
9328750000 -0.88350052 170.79155 -15.944287 -110.02287 -15.916136 -110.07762 -0.82150948 175.91631
9334000000 -0.89044297 170.70815 -15.921137 -110.01782 -15.897267 -110.15865 -0.81863439 175.84894
9339250000 -0.89428228 170.64655 -15.884473 -110.15207 -15.867458 -110.14355 -0.81961238 175.85326
9344500000 -0.90037966 170.54865 -15.863156 -110.26147 -15.844587 -110.32329 -0.81891406 175.80183
9349750000 -0.9019503 170.48451 -15.840693 -110.29872 -15.811275 -110.38402 -0.81544429 175.80429
9355000000 -0.90639806 170.42047 -15.805923 -110.38159 -15.777055 -110.45317 -0.82335395 175.74231
9360250000 -0.9144848 170.35907 -15.781812 -110.44976 -15.765589 -110.5526 -0.81898171 175.73816
9365500000 -0.91934669 170.29866 -15.757821 -110.57011 -15.74132 -110.60406 -0.82060289 175.75266
9370750000 -0.93161702 170.24652 -15.736037 -110.58672 -15.715484 -110.68488 -0.81896043 175.71111
9376000000 -0.93132544 170.16414 -15.717653 -110.65565 -15.69936 -110.78563 -0.8200838 175.69781
9381250000 -0.93527776 170.11671 -15.688581 -110.72359 -15.669538 -110.83404 -0.82194614 175.68846
9386500000 -0.94102186 170.06929 -15.665418 -110.77583 -15.652555 -110.83517 -0.82607383 175.67662
9391750000 -0.94154769 169.9848 -15.634769 -110.8744 -15.613369 -110.9331 -0.81961715 175.62778
9397000000 -0.95130652 169.91405 -15.607879 -110.94286 -15.588837 -111.0187 -0.82441521 175.59846
9402250000 -0.96103406 169.82465 -15.590739 -111.03328 -15.564073 -111.08512 -0.81976759 175.58722
9407500000 -0.96209145 169.74512 -15.549917 -111.11904 -15.540627 -111.15108 -0.82326227 175.56075
9412750000 -0.9658047 169.68629 -15.530166 -111.1883 -15.513669 -111.2493 -0.81924826 175.53192
9418000000 -0.97546232 169.62694 -15.515054 -111.22744 -15.491168 -111.33442 -0.82334644 175.49475
9423250000 -0.97856683 169.56445 -15.482225 -111.38032 -15.468843 -111.45963 -0.81858343 175.47885
9428500000 -0.98104078 169.50473 -15.458405 -111.41329 -15.454198 -111.50389 -0.82300246 175.46248
9433750000 -0.98680103 169.44228 -15.433718 -111.49545 -15.425365 -111.55539 -0.82449704 175.4254
9439000000 -0.9901256 169.37018 -15.411987 -111.58871 -15.38757 -111.64842 -0.82816684 175.40981
9444250000 -0.98941618 169.31682 -15.387889 -111.63004 -15.367542 -111.72711 -0.82156712 175.37422
9449500000 -0.99442643 169.26044 -15.356744 -111.74335 -15.348659 -111.76758 -0.82500374 175.37263
9454750000 -0.99806875 169.23259 -15.343829 -111.78706 -15.312004 -111.86479 -0.83226198 175.34497
9460000000 -0.99999321 169.16617 -15.304616 -111.93573 -15.281221 -111.95423 -0.82768983 175.33267
9465250000 -1.0031161 169.10043 -15.269962 -112.01286 -15.260571 -112.02687 -0.82808709 175.29791
9470500000 -1.0084871 169.02808 -15.252576 -112.05601 -15.237118 -112.12924 -0.82467633 175.23647
9475750000 -1.0128428 168.99799 -15.220814 -112.18034 -15.212694 -112.20541 -0.82907993 175.21921
9481000000 -1.0091786 168.95822 -15.209625 -112.2905 -15.180853 -112.37997 -0.83227187 175.23677
9486250000 -1.0227212 168.93152 -15.176145 -112.33684 -15.159678 -112.41998 -0.83329374 175.20128
9491500000 -1.0245055 168.87648 -15.154894 -112.42255 -15.142615 -112.38208 -0.83934742 175.17032
9496750000 -1.0316026 168.85347 -15.140583 -112.51776 -15.11609 -112.52274 -0.83779317 175.11754
9502000000 -1.0333282 168.8307 -15.115342 -112.54969 -15.090627 -112.5986 -0.8421393 175.09453
9507250000 -1.0390594 168.76534 -15.082258 -112.62254 -15.057077 -112.67139 -0.84383607 175.07263
9512500000 -1.0415268 168.74677 -15.060581 -112.72152 -15.04129 -112.76984 -0.85052139 175.06781
9517750000 -1.0459971 168.69847 -15.036527 -112.78361 -15.001357 -112.85119 -0.85271925 175.02307
9523000000 -1.0455165 168.64481 -14.999226 -112.9356 -14.982059 -112.95076 -0.85387468 174.97656
9528250000 -1.050959 168.63887 -14.97503 -113.03461 -14.947836 -113.01384 -0.85480237 174.95145
9533500000 -1.0481213 168.58943 -14.941073 -113.11795 -14.921286 -113.10576 -0.85870636 174.94304
9538750000 -1.0560052 168.55348 -14.926758 -113.16638 -14.896621 -113.1366 -0.85792291 174.90952
9544000000 -1.0558499 168.51256 -14.901042 -113.30293 -14.867391 -113.31408 -0.85838532 174.86098
9549250000 -1.0568657 168.47102 -14.86976 -113.35323 -14.839865 -113.39252 -0.85973865 174.82066
9554500000 -1.0622241 168.46581 -14.847641 -113.42945 -14.815475 -113.45308 -0.86581039 174.79866
9559750000 -1.0611993 168.42763 -14.822004 -113.51267 -14.797661 -113.59728 -0.86478555 174.74255
9565000000 -1.0679474 168.4212 -14.789371 -113.61201 -14.771927 -113.69579 -0.8761946 174.6774
9570250000 -1.0753251 168.40961 -14.77044 -113.73873 -14.746082 -113.74429 -0.87727654 174.66289
9575500000 -1.0730371 168.40601 -14.736698 -113.80986 -14.71445 -113.86369 -0.88717657 174.67116
9580750000 -1.075838 168.38754 -14.71289 -113.89365 -14.68337 -113.9362 -0.89058071 174.5813
9586000000 -1.0769018 168.37753 -14.684683 -113.98045 -14.656629 -114.07839 -0.89221555 174.57858
9591250000 -1.0753387 168.36847 -14.653082 -114.12029 -14.62654 -114.11753 -0.89688069 174.53065
9596500000 -1.0811691 168.34128 -14.629247 -114.18908 -14.6031 -114.23745 -0.900509 174.48694
9601750000 -1.0837736 168.3477 -14.604827 -114.26089 -14.56484 -114.27309 -0.90332621 174.48592
9607000000 -1.0848564 168.34528 -14.580955 -114.33911 -14.553303 -114.46342 -0.90723658 174.39676
9612250000 -1.0904872 168.3206 -14.555196 -114.42166 -14.519137 -114.49759 -0.91353768 174.37138
9617500000 -1.0903933 168.30215 -14.520337 -114.52017 -14.490293 -114.66912 -0.91841948 174.3219
9622750000 -1.098555 168.27477 -14.491945 -114.62843 -14.456549 -114.72134 -0.92082042 174.27557
9628000000 -1.1000469 168.27731 -14.462005 -114.7047 -14.434798 -114.81635 -0.92703986 174.19514
9633250000 -1.0989099 168.30046 -14.431667 -114.77581 -14.40352 -114.90718 -0.93315029 174.16058
9638500000 -1.1012628 168.26955 -14.402986 -114.94991 -14.377396 -114.99415 -0.94231975 174.099
9643750000 -1.1070602 168.27022 -14.375692 -115.0816 -14.346325 -115.11564 -0.94676721 174.05444
9649000000 -1.1081209 168.27234 -14.352792 -115.15754 -14.322171 -115.21559 -0.95156097 174.00348
9654250000 -1.1121299 168.28035 -14.317874 -115.31136 -14.300953 -115.29819 -0.96151602 173.97377
9659500000 -1.1092649 168.26273 -14.300714 -115.37397 -14.265439 -115.36375 -0.96277803 173.92336
9664750000 -1.1134788 168.26205 -14.279187 -115.45132 -14.245146 -115.52393 -0.97151464 173.86542
9670000000 -1.1070793 168.23903 -14.23249 -115.57971 -14.209421 -115.65177 -0.9806453 173.7952
9675250000 -1.1128494 168.23576 -14.212078 -115.66733 -14.189533 -115.73903 -0.98249835 173.75609
9680500000 -1.1189314 168.19031 -14.172954 -115.75314 -14.154196 -115.89487 -0.98917133 173.71295
9685750000 -1.121345 168.19022 -14.153452 -115.8705 -14.11982 -116.0218 -0.99440318 173.67853
9691000000 -1.1202641 168.17848 -14.129807 -116.022 -14.101288 -116.07901 -1.0049692 173.62674
9696250000 -1.1283342 168.20946 -14.09819 -116.15131 -14.071366 -116.25797 -1.0090071 173.5531
9701500000 -1.1316342 168.17326 -14.06836 -116.19627 -14.053612 -116.36243 -1.0203364 173.47542
9706750000 -1.1392967 168.17331 -14.0427 -116.3551 -14.015539 -116.44688 -1.023145 173.4325
9712000000 -1.1386353 168.1588 -14.014572 -116.49575 -13.987857 -116.54749 -1.0309747 173.38286
9717250000 -1.1417894 168.17406 -13.981643 -116.55112 -13.969055 -116.71772 -1.040298 173.34808
9722500000 -1.1444019 168.12878 -13.953914 -116.72392 -13.929224 -116.75922 -1.044659 173.25861
9727750000 -1.1463972 168.13345 -13.929351 -116.80991 -13.913854 -116.84271 -1.0549914 173.22729
9733000000 -1.1524681 168.11613 -13.904109 -116.93571 -13.878993 -116.96031 -1.0589784 173.17722
9738250000 -1.1554127 168.08989 -13.869067 -117.00568 -13.836015 -117.09328 -1.0653254 173.09435
9743500000 -1.1606289 168.08377 -13.854599 -117.16647 -13.812496 -117.24488 -1.0776006 173.05965
9748750000 -1.1630274 168.04425 -13.811362 -117.28082 -13.787176 -117.3624 -1.0818195 172.98325
9754000000 -1.173395 168.03493 -13.789528 -117.36145 -13.757547 -117.52137 -1.0938624 172.93352
9759250000 -1.1767558 168.02888 -13.762403 -117.53503 -13.732779 -117.63199 -1.1030076 172.90523
9764500000 -1.1812701 168.01096 -13.731655 -117.67035 -13.703373 -117.7522 -1.1093529 172.80116
9769750000 -1.1875941 167.9696 -13.710469 -117.75888 -13.68163 -117.87653 -1.1146963 172.77257
9775000000 -1.1908551 167.9662 -13.677143 -117.91328 -13.644856 -118.00477 -1.123188 172.68114
9780250000 -1.2002424 167.93333 -13.645488 -117.99448 -13.632361 -118.14154 -1.1338458 172.64531
9785500000 -1.2071062 167.9035 -13.624334 -118.11773 -13.603913 -118.20094 -1.1429597 172.55659
9790750000 -1.2111391 167.8846 -13.596994 -118.23759 -13.572518 -118.33677 -1.1498814 172.52487
9796000000 -1.2205195 167.87669 -13.572049 -118.43056 -13.544167 -118.46044 -1.1570764 172.44455
9801250000 -1.2258874 167.80161 -13.546856 -118.50309 -13.515328 -118.65947 -1.1631017 172.40492
9806500000 -1.2278847 167.81313 -13.505984 -118.70477 -13.487175 -118.81133 -1.1685658 172.33072
9811750000 -1.2338506 167.74854 -13.493521 -118.78545 -13.44787 -118.91737 -1.1775761 172.27696
9817000000 -1.2434738 167.73381 -13.464018 -118.96036 -13.437657 -119.06281 -1.1865265 172.21745
9822250000 -1.2489566 167.69139 -13.42943 -119.09465 -13.413662 -119.11658 -1.1951828 172.20662
9827500000 -1.2608992 167.6519 -13.414159 -119.22301 -13.393138 -119.28495 -1.2053343 172.13254
9832750000 -1.2690083 167.61534 -13.386815 -119.32613 -13.355721 -119.38589 -1.2113519 172.06017
9838000000 -1.2744182 167.56042 -13.354755 -119.40795 -13.331026 -119.53749 -1.2211491 172.04024
9843250000 -1.2811406 167.5123 -13.328086 -119.54816 -13.299119 -119.64016 -1.2286463 171.95218
9848500000 -1.289643 167.46819 -13.296152 -119.71638 -13.281522 -119.8079 -1.2379004 171.92584
9853750000 -1.3033845 167.41527 -13.269388 -119.81784 -13.249017 -119.95501 -1.248419 171.89337
9859000000 -1.3071945 167.35596 -13.246082 -120.05917 -13.229207 -120.0864 -1.2547921 171.81786
9864250000 -1.3227048 167.33778 -13.215126 -120.17442 -13.20389 -120.25681 -1.2649469 171.73781
9869500000 -1.3278829 167.30728 -13.197962 -120.30832 -13.183517 -120.27797 -1.2729878 171.72404
9874750000 -1.3397963 167.21259 -13.168921 -120.43659 -13.152782 -120.44845 -1.2803708 171.6163
9880000000 -1.3450028 167.19751 -13.142666 -120.51257 -13.131948 -120.64258 -1.2884849 171.59177
9885250000 -1.3519073 167.10927 -13.123305 -120.71828 -13.101028 -120.77245 -1.2961769 171.52568
9890500000 -1.3658334 167.04208 -13.104046 -120.85777 -13.075675 -120.87197 -1.3013778 171.466
9895750000 -1.3784218 166.98756 -13.06773 -120.85997 -13.048752 -121.03902 -1.3143827 171.40416
9901000000 -1.3874023 166.94856 -13.044696 -121.04697 -13.028745 -121.17217 -1.3214272 171.38733
9906250000 -1.3958563 166.8951 -13.01644 -121.18096 -13.007523 -121.3394 -1.3283582 171.32321
9911500000 -1.4053364 166.81976 -12.99033 -121.4182 -12.982533 -121.48243 -1.3353683 171.28593
9916750000 -1.4210255 166.73294 -12.967411 -121.58028 -12.969522 -121.58324 -1.3488714 171.22165
9922000000 -1.4312533 166.67365 -12.948982 -121.65679 -12.931808 -121.76797 -1.3520145 171.20184
9927250000 -1.4409505 166.61879 -12.923552 -121.82162 -12.91331 -121.83444 -1.3587757 171.16652
9932500000 -1.4536122 166.53864 -12.896393 -121.93449 -12.889094 -122.0591 -1.3671001 171.11081
9937750000 -1.4586464 166.44975 -12.872518 -122.12153 -12.872643 -122.10255 -1.3697236 171.08264
9943000000 -1.4743887 166.41681 -12.851905 -122.27455 -12.843192 -122.25716 -1.3817934 171.00401
9948250000 -1.4838065 166.3425 -12.834027 -122.34425 -12.817698 -122.38862 -1.3853869 171.00082
9953500000 -1.4952619 166.26215 -12.801921 -122.49559 -12.788909 -122.51697 -1.3923947 170.93956
9958750000 -1.5038624 166.21149 -12.787094 -122.67461 -12.766171 -122.70753 -1.4007987 170.8877
9964000000 -1.5206776 166.14194 -12.757101 -122.8084 -12.744687 -122.8772 -1.4131333 170.85573
9969250000 -1.5302414 166.06044 -12.73738 -122.97607 -12.717979 -122.96986 -1.4195981 170.8344
9974500000 -1.5415201 166.00269 -12.706984 -123.091 -12.707491 -123.14446 -1.4270818 170.78572
9979750000 -1.5545561 165.92778 -12.682631 -123.22544 -12.677753 -123.28205 -1.4337234 170.75372
9985000000 -1.5668538 165.82089 -12.665677 -123.36935 -12.655771 -123.38201 -1.439788 170.68167
9990250000 -1.5793501 165.77252 -12.635576 -123.54939 -12.639482 -123.5234 -1.4480268 170.64879
9995500000 -1.5890999 165.72664 -12.614125 -123.66239 -12.609499 -123.65996 -1.4547498 170.62708
10000750000 -1.6053761 165.63998 -12.593797 -123.83098 -12.585093 -123.79388 -1.4616687 170.56015
10006000000 -1.6138353 165.58159 -12.576395 -123.91998 -12.568723 -123.9572 -1.4696473 170.52327
10011250000 -1.6269679 165.49234 -12.548045 -124.09075 -12.540245 -124.12603 -1.4683743 170.48698
10016500000 -1.6403 165.36679 -12.527255 -124.24774 -12.519229 -124.24548 -1.4766192 170.46295
10021750000 -1.6541282 165.30713 -12.506199 -124.39503 -12.491925 -124.39271 -1.4821186 170.4653
10027000000 -1.6652377 165.26395 -12.479321 -124.55559 -12.468542 -124.54207 -1.49044 170.39723
10032250000 -1.6820738 165.15834 -12.453519 -124.71552 -12.444098 -124.72296 -1.4990023 170.35381
10037500000 -1.6910373 165.08356 -12.434637 -124.86127 -12.426639 -124.79302 -1.5008692 170.35719
10042750000 -1.7034575 165.04956 -12.413538 -124.9229 -12.401555 -124.94157 -1.5064293 170.32144
10048000000 -1.7167467 164.95258 -12.389574 -125.12003 -12.390939 -125.11009 -1.5187922 170.286
10053250000 -1.7200251 164.89198 -12.364701 -125.26526 -12.353755 -125.2064 -1.5173894 170.27731
10058500000 -1.7332139 164.81767 -12.343472 -125.38024 -12.335506 -125.34834 -1.5316825 170.24141
10063750000 -1.7457204 164.76039 -12.315753 -125.52971 -12.312742 -125.51392 -1.5299208 170.21188
10069000000 -1.7594396 164.70383 -12.301167 -125.65684 -12.294548 -125.62135 -1.5455266 170.19321
10074250000 -1.7720915 164.66257 -12.276546 -125.80238 -12.265078 -125.77318 -1.549148 170.16017
10079500000 -1.778026 164.54614 -12.248637 -125.96273 -12.227199 -125.9174 -1.5476266 170.15268
10084750000 -1.7940606 164.47411 -12.226582 -126.13231 -12.209324 -126.06444 -1.562806 170.10519
10090000000 -1.8011451 164.43201 -12.200291 -126.32002 -12.193895 -126.2714 -1.5711656 170.07904
10095250000 -1.8174864 164.33177 -12.18107 -126.46574 -12.177246 -126.40829 -1.5796447 170.03712
10100500000 -1.8290552 164.28062 -12.157228 -126.59088 -12.150107 -126.52625 -1.5859814 169.98114
10105750000 -1.8446251 164.21318 -12.137765 -126.76353 -12.123165 -126.74123 -1.5897598 169.95503
10111000000 -1.8490163 164.142 -12.105158 -126.87873 -12.098283 -126.84937 -1.5878862 169.89362
10116250000 -1.8629493 164.11197 -12.088542 -127.04559 -12.075791 -126.96253 -1.6026028 169.88527
10121500000 -1.8766763 164.06744 -12.065908 -127.1775 -12.051318 -127.09229 -1.6074611 169.88095
10126750000 -1.8877137 163.97134 -12.043151 -127.3428 -12.027799 -127.27481 -1.615908 169.83311
10132000000 -1.9018813 163.94205 -12.016438 -127.46512 -12.003601 -127.35681 -1.6206113 169.80791
10137250000 -1.9061421 163.89626 -11.989771 -127.58858 -11.974678 -127.61381 -1.6283882 169.7923
10142500000 -1.9174696 163.7912 -11.971964 -127.78563 -11.959187 -127.75401 -1.6382976 169.77676
10147750000 -1.9310436 163.77113 -11.953659 -127.96281 -11.935596 -127.91064 -1.6395106 169.72005
10153000000 -1.9370576 163.71352 -11.930452 -128.16058 -11.903626 -127.98915 -1.6414117 169.74977
10158250000 -1.9491295 163.65619 -11.906028 -128.27368 -11.885841 -128.18225 -1.6517204 169.70477
10163500000 -1.960552 163.58778 -11.884193 -128.44522 -11.877137 -128.36783 -1.6610491 169.69603
10168750000 -1.9713349 163.55652 -11.862246 -128.54929 -11.840556 -128.45595 -1.6691668 169.67035
10174000000 -1.9808317 163.54059 -11.833846 -128.74794 -11.815125 -128.64189 -1.6694832 169.6196
10179250000 -1.9834183 163.50473 -11.809644 -128.84683 -11.789204 -128.80186 -1.6875602 169.6407
10184500000 -2.0031619 163.4707 -11.790023 -129.01283 -11.756302 -129.01796 -1.6958388 169.62134
10189750000 -2.0037146 163.41902 -11.75515 -129.18245 -11.738613 -129.10902 -1.7112877 169.61096
10195000000 -2.0125988 163.42632 -11.732869 -129.31793 -11.715714 -129.38042 -1.7184726 169.54704
10200250000 -2.0283616 163.38332 -11.716179 -129.57703 -11.693245 -129.48743 -1.7314944 169.52533
10205500000 -2.0374985 163.37589 -11.69538 -129.72447 -11.672853 -129.66777 -1.7396789 169.50552
10210750000 -2.0485129 163.32976 -11.66352 -129.8721 -11.649027 -129.82242 -1.7486569 169.47919
10216000000 -2.0531864 163.33257 -11.643961 -129.97925 -11.632048 -129.93405 -1.7626088 169.42987
10221250000 -2.0641768 163.30319 -11.619887 -130.19768 -11.59928 -130.08203 -1.7681863 169.41246
10226500000 -2.0705988 163.27649 -11.59265 -130.30128 -11.57488 -130.29842 -1.7785894 169.36089
10231750000 -2.0868976 163.26361 -11.568485 -130.49615 -11.54377 -130.40305 -1.7815017 169.36658
10237000000 -2.0986478 163.24127 -11.540341 -130.64745 -11.520156 -130.57121 -1.7891655 169.28012
10242250000 -2.1096087 163.2034 -11.524344 -130.85426 -11.495766 -130.81021 -1.80668 169.29916
10247500000 -2.1150601 163.18936 -11.501264 -131.00188 -11.464637 -130.9781 -1.8133947 169.2787
10252750000 -2.1161568 163.16574 -11.469462 -131.23802 -11.446239 -131.19456 -1.8250679 169.2012
10258000000 -2.1304104 163.15689 -11.442831 -131.40488 -11.427021 -131.3299 -1.8352233 169.21587
10263250000 -2.1419122 163.13083 -11.428277 -131.50761 -11.395374 -131.49454 -1.8370212 169.1917
10268500000 -2.1417801 163.1201 -11.392962 -131.71217 -11.377162 -131.67607 -1.8568391 169.17348
10273750000 -2.1547427 163.12143 -11.378895 -131.8688 -11.354001 -131.84062 -1.8727458 169.16309
10279000000 -2.1655767 163.15642 -11.357232 -132.06647 -11.321932 -132.01314 -1.8872987 169.13556
10284250000 -2.1713994 163.13106 -11.328473 -132.2487 -11.294514 -132.14928 -1.9002695 169.13005
10289500000 -2.1799994 163.15793 -11.299193 -132.39131 -11.267056 -132.35881 -1.9144865 169.11232
10294750000 -2.1984749 163.15662 -11.27466 -132.55972 -11.246819 -132.57147 -1.92506 169.1133
10300000000 -2.1978288 163.15666 -11.250122 -132.73091 -11.22257 -132.75578 -1.9453515 169.09045
10305250000 -2.2139633 163.1758 -11.22702 -132.92752 -11.196508 -132.89812 -1.9617454 169.06956
10310500000 -2.2231243 163.17757 -11.204271 -133.10979 -11.173288 -133.10558 -1.9764403 169.06244
10315750000 -2.233865 163.15471 -11.181619 -133.2802 -11.152089 -133.29634 -1.9973763 169.02454
10321000000 -2.2420568 163.17815 -11.148812 -133.48569 -11.119062 -133.50017 -2.0108151 168.98723
10326250000 -2.2556193 163.1806 -11.127662 -133.64386 -11.095887 -133.6707 -2.0304389 168.93512
10331500000 -2.2660999 163.17641 -11.099677 -133.87019 -11.06875 -133.85861 -2.0401328 168.90935
10336750000 -2.2748435 163.20395 -11.077612 -134.01825 -11.052159 -134.04803 -2.0597713 168.88226
10342000000 -2.285114 163.18721 -11.057324 -134.23056 -11.022437 -134.22441 -2.0747712 168.85637
10347250000 -2.2905285 163.19952 -11.026628 -134.40834 -11.000605 -134.41127 -2.0880346 168.81432
10352500000 -2.3099236 163.19608 -11.00783 -134.62347 -10.980664 -134.57564 -2.1029046 168.77278
10357750000 -2.3160129 163.20985 -10.975854 -134.77185 -10.951398 -134.86609 -2.1169202 168.77043
10363000000 -2.3246043 163.21185 -10.953992 -134.9726 -10.926717 -135.00217 -2.1391318 168.75795
10368250000 -2.3363352 163.23434 -10.93332 -135.18362 -10.904437 -135.21187 -2.152194 168.75778
10373500000 -2.3411131 163.26318 -10.899447 -135.44077 -10.874379 -135.40836 -2.1640592 168.73128
10378750000 -2.3495853 163.27942 -10.880747 -135.56714 -10.854822 -135.61746 -2.1889577 168.72348
10384000000 -2.3659115 163.28178 -10.862479 -135.7522 -10.834608 -135.78419 -2.2032721 168.72852
10389250000 -2.375186 163.30084 -10.833288 -136.04849 -10.810988 -135.97935 -2.2212515 168.69217
10394500000 -2.3881507 163.33031 -10.818836 -136.16714 -10.776357 -136.20479 -2.2425053 168.68349
10399750000 -2.3971057 163.38651 -10.782721 -136.34479 -10.761839 -136.44011 -2.2636228 168.67064
10405000000 -2.4096241 163.3887 -10.7623 -136.52921 -10.735272 -136.62416 -2.2850082 168.67116
10410250000 -2.4224541 163.4261 -10.732921 -136.74828 -10.708281 -136.80859 -2.3060586 168.63908
10415500000 -2.4356742 163.44368 -10.710669 -136.96887 -10.688227 -137.00706 -2.3303146 168.6329
10420750000 -2.4492385 163.48589 -10.68409 -137.20921 -10.654061 -137.23027 -2.3499491 168.59746
10426000000 -2.4663393 163.50212 -10.65968 -137.43747 -10.633746 -137.43629 -2.3704259 168.58879
10431250000 -2.4819899 163.52058 -10.635498 -137.63454 -10.614512 -137.66602 -2.3959014 168.52849
10436500000 -2.4910147 163.52193 -10.61569 -137.85291 -10.594169 -137.81917 -2.4078801 168.53162
10441750000 -2.5086501 163.52438 -10.598592 -138.0636 -10.565634 -138.02449 -2.4337726 168.46692
10447000000 -2.52035 163.55382 -10.567095 -138.21175 -10.545152 -138.27417 -2.4499886 168.45587
10452250000 -2.5359147 163.53955 -10.545211 -138.42722 -10.520251 -138.43823 -2.4687519 168.44435
10457500000 -2.5517509 163.5827 -10.525006 -138.56737 -10.49645 -138.64584 -2.4874377 168.44061
10462750000 -2.5652537 163.56996 -10.490518 -138.80591 -10.465185 -138.89128 -2.5015149 168.38913
10468000000 -2.5867419 163.54608 -10.468374 -139.0666 -10.448709 -139.10155 -2.5249312 168.38373
10473250000 -2.5936768 163.59592 -10.441243 -139.26309 -10.41661 -139.3208 -2.5433381 168.37057
10478500000 -2.6020417 163.57635 -10.418353 -139.51414 -10.399141 -139.55774 -2.5636897 168.379
10483750000 -2.6221824 163.56482 -10.400274 -139.76532 -10.376725 -139.78963 -2.5759261 168.33885
10489000000 -2.6411562 163.57314 -10.376032 -139.99695 -10.35206 -139.96349 -2.5956814 168.35469
10494250000 -2.6498463 163.61871 -10.350714 -140.19092 -10.33336 -140.18233 -2.6116672 168.38704
10499500000 -2.6648917 163.62276 -10.334765 -140.43605 -10.31389 -140.4608 -2.6432753 168.34129
10504750000 -2.6824434 163.63895 -10.315471 -140.64359 -10.298511 -140.63152 -2.6667066 168.36441
10510000000 -2.7040837 163.68018 -10.292243 -140.79428 -10.26692 -140.8374 -2.6842539 168.36378
10515250000 -2.71995 163.68459 -10.266088 -141.04424 -10.247611 -141.05681 -2.7087941 168.33611
10520500000 -2.7366896 163.72241 -10.239806 -141.28596 -10.222621 -141.25211 -2.7325675 168.34019
10525750000 -2.7560835 163.72903 -10.223971 -141.46706 -10.200464 -141.50308 -2.7607117 168.32555
10531000000 -2.7767129 163.77234 -10.206532 -141.72025 -10.174932 -141.72417 -2.7777307 168.3166
10536250000 -2.8014576 163.77165 -10.181582 -141.9294 -10.15335 -141.93677 -2.8030207 168.29616
10541500000 -2.8191864 163.79143 -10.158089 -142.13557 -10.137491 -142.17322 -2.8222454 168.29582
10546750000 -2.8327367 163.7812 -10.135092 -142.39162 -10.11583 -142.40915 -2.8485131 168.26131
10552000000 -2.8549991 163.78632 -10.110166 -142.62686 -10.095024 -142.58409 -2.8635418 168.22337
10557250000 -2.8761709 163.76569 -10.091076 -142.83755 -10.073677 -142.82773 -2.8839769 168.23666
10562500000 -2.8949952 163.78055 -10.06847 -143.08284 -10.048254 -143.02116 -2.9073925 168.2123
10567750000 -2.9176474 163.7682 -10.050248 -143.25043 -10.03575 -143.22717 -2.9296374 168.2238
10573000000 -2.9365523 163.7598 -10.026693 -143.5242 -10.003274 -143.53432 -2.9500315 168.18135
10578250000 -2.9580929 163.73416 -10.004126 -143.71936 -9.9824066 -143.74892 -2.9598858 168.18658
10583500000 -2.9752541 163.74217 -9.9847651 -143.95625 -9.9628735 -143.98012 -2.9789109 168.18164
10588750000 -2.9910128 163.74316 -9.9726324 -144.18373 -9.9440489 -144.21616 -3.0067461 168.16078
10594000000 -3.0131695 163.77087 -9.9467144 -144.40811 -9.9240665 -144.42308 -3.0169206 168.16922
10599250000 -3.0311246 163.77086 -9.9293032 -144.65953 -9.9135504 -144.68004 -3.0426605 168.17081
10604500000 -3.0538552 163.78568 -9.9108982 -144.88641 -9.8907089 -144.88466 -3.0622997 168.19215
10609750000 -3.0799038 163.79758 -9.8914061 -145.15016 -9.8727169 -145.08473 -3.0842469 168.20023
10615000000 -3.0948446 163.81496 -9.8659401 -145.30695 -9.8579178 -145.33063 -3.1041443 168.22112
10620250000 -3.114619 163.79793 -9.852541 -145.60248 -9.8289833 -145.54414 -3.124712 168.22009
10625500000 -3.1408076 163.82909 -9.8318043 -145.77637 -9.8086586 -145.77921 -3.1512246 168.25624
10630750000 -3.1637979 163.8248 -9.8140259 -146.01398 -9.7901745 -146.02617 -3.1732359 168.25394
10636000000 -3.1918242 163.85402 -9.7881422 -146.24712 -9.7654819 -146.2334 -3.1955843 168.24872
10641250000 -3.2149074 163.83344 -9.7728262 -146.50218 -9.7537432 -146.47266 -3.2166958 168.24026
10646500000 -3.2376149 163.83734 -9.7486534 -146.72266 -9.7288857 -146.73392 -3.2353985 168.23941
10651750000 -3.2637515 163.82927 -9.7331171 -146.94768 -9.7161541 -146.98534 -3.2593381 168.21922
10657000000 -3.2891221 163.83929 -9.7184134 -147.20816 -9.6988344 -147.20351 -3.2808909 168.22685
10662250000 -3.3160193 163.7868 -9.6950874 -147.45459 -9.6795864 -147.43474 -3.296762 168.22195
10667500000 -3.3421543 163.76158 -9.681757 -147.7057 -9.6611767 -147.63763 -3.3160579 168.22546
10672750000 -3.3694477 163.76366 -9.6702347 -147.86806 -9.6448069 -147.87529 -3.3434172 168.22443
10678000000 -3.3921883 163.75816 -9.652029 -148.10345 -9.6202078 -148.08107 -3.3561881 168.24408
10683250000 -3.4128022 163.73196 -9.6277637 -148.37189 -9.6054573 -148.31926 -3.3717825 168.24304
10688500000 -3.4338479 163.71025 -9.6041012 -148.58447 -9.5845928 -148.5504 -3.3925099 168.29326
10693750000 -3.4555159 163.70784 -9.5849028 -148.78984 -9.5770149 -148.82016 -3.411907 168.29517
10699000000 -3.4776998 163.70206 -9.573267 -149.04074 -9.5509987 -149.04779 -3.4276929 168.33788
10704250000 -3.4974627 163.69666 -9.5527182 -149.28735 -9.5433283 -149.29053 -3.4486811 168.34648
10709500000 -3.5199907 163.70377 -9.5379505 -149.53326 -9.5226202 -149.50261 -3.4626441 168.37752
10714750000 -3.5420744 163.72702 -9.520998 -149.78969 -9.5050087 -149.75462 -3.4857767 168.4278
10720000000 -3.5676494 163.71808 -9.5146322 -150.05038 -9.4942961 -149.99088 -3.5115864 168.44711
10725250000 -3.5865035 163.73007 -9.4944038 -150.24355 -9.4668694 -150.18248 -3.5250864 168.49368
10730500000 -3.6176987 163.75055 -9.4810076 -150.48029 -9.4556055 -150.42931 -3.5488145 168.5567
10735750000 -3.6454728 163.78709 -9.462636 -150.7023 -9.4388819 -150.65263 -3.5693974 168.57625
10741000000 -3.670043 163.80505 -9.440897 -150.92421 -9.4277229 -150.92577 -3.5900981 168.6042
10746250000 -3.6953259 163.84518 -9.4217787 -151.16295 -9.4070807 -151.16888 -3.6137445 168.62964
10751500000 -3.7134712 163.85832 -9.4070873 -151.43123 -9.389823 -151.41171 -3.633817 168.66093
10756750000 -3.7463262 163.8667 -9.3927698 -151.6459 -9.3713436 -151.63152 -3.6487279 168.67624
10762000000 -3.7683754 163.87447 -9.3787193 -151.89357 -9.3527784 -151.88205 -3.6711531 168.71909
10767250000 -3.7972724 163.87474 -9.3619776 -152.1499 -9.3391695 -152.09677 -3.6895049 168.77835
10772500000 -3.8239408 163.87947 -9.3470469 -152.37386 -9.3164024 -152.31094 -3.7063584 168.78073
10777750000 -3.8478148 163.89014 -9.3277884 -152.59799 -9.3048687 -152.55513 -3.7246144 168.82454
10783000000 -3.8700624 163.8542 -9.3105278 -152.84282 -9.2896261 -152.84769 -3.7414103 168.87971
10788250000 -3.8983152 163.88249 -9.2963438 -153.05544 -9.272439 -153.06665 -3.7557056 168.89809
10793500000 -3.9167724 163.88506 -9.2777805 -153.29739 -9.2563438 -153.32414 -3.7742779 168.94229
10798750000 -3.9434464 163.89711 -9.2664671 -153.53725 -9.2483826 -153.51997 -3.7928774 169.0251
10804000000 -3.9604995 163.93881 -9.244997 -153.79416 -9.2275677 -153.79172 -3.8099194 169.10211
10809250000 -3.9821959 163.92377 -9.2319298 -154.0679 -9.2084703 -154.00275 -3.8276691 169.15474
10814500000 -4.0001988 163.97113 -9.2163181 -154.2836 -9.1950788 -154.26834 -3.8452299 169.23569
10819750000 -4.0183473 163.9984 -9.20193 -154.56001 -9.1870699 -154.50562 -3.8693094 169.32416
10825000000 -4.0477657 164.05949 -9.1925278 -154.78098 -9.1730566 -154.7494 -3.8874967 169.43553
10830250000 -4.0673256 164.10362 -9.1761847 -155.02803 -9.1532784 -154.99504 -3.9019351 169.49554
10835500000 -4.0883198 164.16048 -9.1632328 -155.27487 -9.1372986 -155.23807 -3.9191191 169.60074
10840750000 -4.1114264 164.21951 -9.1481981 -155.54088 -9.1261501 -155.45206 -3.9476345 169.69228
10846000000 -4.1316929 164.29144 -9.1310043 -155.74568 -9.1102028 -155.72083 -3.9650495 169.76831
10851250000 -4.1505518 164.36635 -9.1114779 -155.99686 -9.0905094 -155.95972 -3.9847343 169.87798
10856500000 -4.172646 164.42714 -9.0978088 -156.2513 -9.0739899 -156.22664 -4.0042486 169.93944
10861750000 -4.2000618 164.48264 -9.0831099 -156.51314 -9.0596981 -156.4697 -4.0247202 170.04823
10867000000 -4.2239695 164.56067 -9.0706501 -156.77655 -9.0436974 -156.71796 -4.0446873 170.09599
10872250000 -4.2450142 164.62253 -9.0557337 -156.97801 -9.0299082 -156.9729 -4.0668306 170.19849
10877500000 -4.2717085 164.68176 -9.0396576 -157.25229 -9.0116177 -157.22528 -4.0844398 170.298
10882750000 -4.2896118 164.74655 -9.0242405 -157.48904 -8.9933014 -157.48335 -4.1012902 170.34807
10888000000 -4.3099713 164.79359 -9.0070753 -157.73933 -8.9922724 -157.74721 -4.1228409 170.47858
10893250000 -4.3352323 164.84875 -8.995306 -158.00652 -8.9670401 -157.98828 -4.1381121 170.54121
10898500000 -4.3494039 164.93233 -8.9721794 -158.24835 -8.9563723 -158.22755 -4.1568055 170.66026
10903750000 -4.3699384 164.96281 -8.9690123 -158.53551 -8.938838 -158.4778 -4.1746392 170.7773
10909000000 -4.3817458 165.00609 -8.9435711 -158.80342 -8.9161243 -158.73512 -4.1844311 170.91833
10914250000 -4.4036522 165.1606 -8.9287176 -159.01799 -8.9054279 -159.03261 -4.2017002 171.05086
10919500000 -4.4208426 165.24471 -8.9224634 -159.27742 -8.8855267 -159.27075 -4.2182899 171.17268
10924750000 -4.4334874 165.33948 -8.9062119 -159.56491 -8.8802433 -159.53902 -4.2406621 171.30721
10930000000 -4.4479842 165.46558 -8.8900614 -159.79175 -8.861166 -159.76578 -4.2551785 171.47574
10935250000 -4.4640322 165.59563 -8.8790054 -160.10097 -8.8523369 -160.04961 -4.2700305 171.58948
10940500000 -4.4839163 165.64827 -8.8672037 -160.36365 -8.8338547 -160.34921 -4.2933359 171.74049
10945750000 -4.4992242 165.84479 -8.8512354 -160.61844 -8.8311529 -160.57858 -4.3124437 171.92239
10951000000 -4.5217481 165.97404 -8.8383894 -160.86763 -8.8186512 -160.81519 -4.3356714 172.07097
10956250000 -4.5352359 166.11641 -8.8250313 -161.13872 -8.7980852 -161.10611 -4.3515944 172.20274
10961500000 -4.5561805 166.27837 -8.8159552 -161.40659 -8.7803907 -161.35158 -4.3721752 172.38837
10966750000 -4.5703835 166.40585 -8.7946844 -161.67186 -8.7656345 -161.63049 -4.3922935 172.53781
10972000000 -4.5878353 166.55124 -8.777463 -161.92567 -8.7529659 -161.94574 -4.4106884 172.70241
10977250000 -4.6081438 166.70152 -8.7651157 -162.22479 -8.7357664 -162.20807 -4.4254766 172.84831
10982500000 -4.6272721 166.83719 -8.7519445 -162.54398 -8.7232485 -162.49973 -4.4483495 172.97966
10987750000 -4.6394086 166.94809 -8.7312012 -162.81575 -8.7104635 -162.77193 -4.4656739 173.15724
10993000000 -4.6579704 167.07169 -8.721674 -163.10385 -8.6949406 -163.04912 -4.4801059 173.31174
10998250000 -4.6807408 167.201 -8.7153158 -163.40755 -8.6862354 -163.33752 -4.4982247 173.46228
11003500000 -4.6894946 167.35522 -8.6982193 -163.64732 -8.669343 -163.56248 -4.5107727 173.65533
11008750000 -4.707129 167.48395 -8.6830025 -163.9108 -8.6546412 -163.87997 -4.5255389 173.8047
11014000000 -4.7161093 167.59203 -8.6705999 -164.18356 -8.6329985 -164.16579 -4.5439444 173.99733
11019250000 -4.7356486 167.76282 -8.6628809 -164.49571 -8.623785 -164.45525 -4.5557518 174.18625
11024500000 -4.7435703 167.95903 -8.6490726 -164.75377 -8.6112862 -164.79964 -4.571701 174.35814
11029750000 -4.7497978 168.11606 -8.6257114 -165.05226 -8.5966387 -165.0741 -4.5799766 174.59192
11035000000 -4.7604733 168.2878 -8.6121359 -165.34987 -8.5877924 -165.36882 -4.5928793 174.76088
11040250000 -4.7618809 168.40703 -8.6012821 -165.66858 -8.5761404 -165.68692 -4.6109805 174.96817
11045500000 -4.7824359 168.6481 -8.5924044 -165.95865 -8.562767 -165.9583 -4.6189656 175.19151
11050750000 -4.7884812 168.82259 -8.5811462 -166.308 -8.5608921 -166.24892 -4.6471601 175.41954
11056000000 -4.7950535 169.01711 -8.5620022 -166.57283 -8.5442104 -166.5061 -4.6517053 175.62857
11061250000 -4.8063717 169.22531 -8.557169 -166.87181 -8.5295553 -166.79607 -4.6743217 175.87126
11066500000 -4.822351 169.45895 -8.547843 -167.12299 -8.5214357 -167.09901 -4.6867404 176.08383
11071750000 -4.8300591 169.66284 -8.5322018 -167.44473 -8.5032969 -167.43716 -4.7060332 176.2682
11077000000 -4.843565 169.92108 -8.5196333 -167.73859 -8.4945793 -167.73293 -4.7198157 176.47664
11082250000 -4.8597388 170.11598 -8.5108356 -168.0775 -8.4825592 -168.04996 -4.7297001 176.70018
11087500000 -4.8694444 170.31836 -8.4954052 -168.35698 -8.4718075 -168.38773 -4.7474108 176.85594
11092750000 -4.8837132 170.52808 -8.4861393 -168.67896 -8.4651365 -168.67979 -4.7641902 177.09117
11098000000 -4.8931813 170.76205 -8.4784594 -168.95302 -8.4568911 -168.98738 -4.7727022 177.3008
11103250000 -4.9057403 170.96565 -8.4748707 -169.28685 -8.4464617 -169.29523 -4.7810254 177.45979
11108500000 -4.9215994 171.14999 -8.463604 -169.59955 -8.4400158 -169.5975 -4.7909627 177.68062
11113750000 -4.9291277 171.36601 -8.4464979 -169.92516 -8.4280863 -169.91522 -4.7969203 177.88472
11119000000 -4.9349227 171.55896 -8.4409113 -170.22333 -8.4128971 -170.19237 -4.8010817 178.12613
11124250000 -4.9515514 171.75713 -8.4287968 -170.5249 -8.40555 -170.49872 -4.8039994 178.35915
11129500000 -4.9513936 171.96376 -8.4175444 -170.83881 -8.4068317 -170.8474 -4.8186269 178.55548
11134750000 -4.958149 172.11586 -8.4135218 -171.2169 -8.3979473 -171.18982 -4.8223448 178.73653
11140000000 -4.9643736 172.37186 -8.4033537 -171.50215 -8.3820467 -171.51517 -4.8255892 179.02386
11145250000 -4.9621406 172.55116 -8.390996 -171.83334 -8.3755436 -171.85303 -4.8254604 179.24464
11150500000 -4.9687724 172.77426 -8.3873253 -172.13904 -8.3709898 -172.18419 -4.8393049 179.49388
11155750000 -4.9719782 173.03925 -8.3763847 -172.44644 -8.3652506 -172.46756 -4.8519225 179.76299
11161000000 -4.9772205 173.28613 -8.3720531 -172.75711 -8.3551674 -172.77426 -4.8540783 179.98901
11166250000 -4.9758792 173.569 -8.3653488 -173.13644 -8.3551025 -173.0957 -4.8639097 -179.78781
11171500000 -4.9808464 173.79559 -8.3621731 -173.40128 -8.3455057 -173.40422 -4.8827405 -179.52443
11176750000 -4.9858603 174.06683 -8.3557043 -173.7226 -8.3336763 -173.73878 -4.8836551 -179.32333
11182000000 -4.9869761 174.33057 -8.348917 -174.07243 -8.3400793 -174.0594 -4.8964915 -179.09291
11187250000 -4.9936714 174.56818 -8.3431826 -174.40927 -8.3264408 -174.40277 -4.9021897 -178.87241
11192500000 -4.9952188 174.84613 -8.342061 -174.69843 -8.3277893 -174.66269 -4.9081316 -178.63121
11197750000 -4.9977422 175.09189 -8.3341627 -175.04404 -8.3176813 -174.99457 -4.9145327 -178.42212
11203000000 -5.003262 175.33685 -8.3286066 -175.35432 -8.3109026 -175.29697 -4.9203472 -178.20103
11208250000 -5.008142 175.57356 -8.3283663 -175.6678 -8.3097639 -175.66556 -4.9243498 -177.98988
11213500000 -5.0106468 175.83031 -8.3236332 -176.00415 -8.2976332 -175.97583 -4.9262724 -177.80476
11218750000 -5.016818 175.99588 -8.3177624 -176.37531 -8.2931118 -176.34155 -4.9298048 -177.61006
11224000000 -5.0165658 176.23701 -8.3169651 -176.6619 -8.2989979 -176.69041 -4.9318876 -177.42549
11229250000 -5.0136962 176.46574 -8.3135357 -177.04747 -8.3044643 -176.99239 -4.9394994 -177.25406
11234500000 -5.0204296 176.64368 -8.3147116 -177.34302 -8.2947063 -177.33231 -4.9334192 -176.99336
11239750000 -5.0065389 176.8898 -8.3083839 -177.68288 -8.2914867 -177.67615 -4.9245172 -176.84813
11245000000 -5.0013504 177.09656 -8.3032417 -178.02216 -8.2875071 -177.97385 -4.9265919 -176.59364
11250250000 -5.0004334 177.29082 -8.3097019 -178.33235 -8.2904663 -178.33519 -4.9263492 -176.39377
11255500000 -5.0043721 177.50281 -8.3061352 -178.66255 -8.284071 -178.66437 -4.929172 -176.14166
11260750000 -4.9924698 177.73738 -8.3036003 -178.9668 -8.2828827 -178.9912 -4.9248271 -175.9491
11266000000 -4.9851012 177.98816 -8.2957783 -179.30711 -8.278945 -179.28421 -4.9195423 -175.65503
11271250000 -4.9870706 178.18198 -8.3085289 -179.68489 -8.2830563 -179.61942 -4.9192109 -175.45314
11276500000 -4.983779 178.41898 -8.3046684 179.9915 -8.2840319 -179.99605 -4.9232035 -175.21823
11281750000 -4.9751401 178.65317 -8.3044472 179.64694 -8.2820892 179.68861 -4.9210358 -175.01355
11287000000 -4.978879 178.8454 -8.3074389 179.36571 -8.284481 179.39804 -4.9108014 -174.77174
11292250000 -4.9776654 179.0593 -8.3136292 178.99893 -8.2845154 179.05354 -4.9095798 -174.57506
11297500000 -4.9730253 179.32011 -8.3151999 178.7058 -8.2880249 178.75006 -4.9150057 -174.39864
11302750000 -4.9749908 179.54567 -8.3197536 178.37585 -8.2930384 178.41193 -4.9148684 -174.18929
11308000000 -4.9740214 179.73062 -8.3207216 178.06972 -8.2889128 178.06136 -4.9130182 -174.00606
11313250000 -4.9719286 179.93959 -8.3228741 177.74213 -8.2961636 177.73906 -4.9052205 -173.83028
11318500000 -4.9691248 -179.90181 -8.3320255 177.40254 -8.2953405 177.42174 -4.9038906 -173.65836
11323750000 -4.9685283 -179.71385 -8.3355188 177.08601 -8.3091593 177.1041 -4.9081335 -173.50517
11329000000 -4.9666438 -179.49309 -8.3433189 176.78568 -8.3178587 176.81091 -4.8995962 -173.26498
11334250000 -4.9631696 -179.328 -8.3498516 176.42038 -8.3206463 176.43698 -4.8879309 -173.17116
11339500000 -4.9573078 -179.17342 -8.3554564 176.1619 -8.3307381 176.19498 -4.8884158 -172.98856
11344750000 -4.9584961 -179.00697 -8.3603868 175.81453 -8.3359747 175.86198 -4.8804727 -172.82083
11350000000 -4.9509163 -178.80725 -8.3687277 175.54482 -8.3350859 175.59045 -4.8621778 -172.60995
11355250000 -4.9446907 -178.68279 -8.3718376 175.19417 -8.3454027 175.25893 -4.8540549 -172.4894
11360500000 -4.9350123 -178.5365 -8.3820019 174.89688 -8.3412809 174.88039 -4.8455572 -172.34981
11365750000 -4.9223452 -178.34018 -8.3807421 174.58801 -8.351716 174.56006 -4.8384733 -172.16071
11371000000 -4.9177742 -178.14671 -8.3918591 174.23683 -8.3615294 174.25186 -4.8272042 -172.00911
11376250000 -4.9122057 -177.98299 -8.3984118 173.89919 -8.3741379 173.93687 -4.8127418 -171.84628
11381500000 -4.9043536 -177.84966 -8.4128275 173.58333 -8.3776779 173.60826 -4.8126044 -171.69164
11386750000 -4.8920836 -177.67012 -8.4193707 173.26938 -8.3942308 173.28972 -4.8041005 -171.51698
11392000000 -4.8897715 -177.45021 -8.4397182 172.98898 -8.4080095 172.97672 -4.8019662 -171.35925
11397250000 -4.8836541 -177.26326 -8.4438381 172.68587 -8.4117708 172.73006 -4.7847509 -171.1785
11402500000 -4.8706989 -177.07068 -8.4542141 172.38434 -8.4245195 172.44196 -4.7787209 -171.10583
11407750000 -4.8639894 -176.91795 -8.4604568 172.11687 -8.4398699 172.14085 -4.7705922 -170.97571
11413000000 -4.8534584 -176.77718 -8.4686308 171.83922 -8.4410009 171.81277 -4.7584109 -170.80956
11418250000 -4.8494864 -176.60571 -8.4855347 171.51553 -8.4517918 171.53391 -4.7526798 -170.68834
11423500000 -4.8452725 -176.46667 -8.493434 171.23196 -8.4587212 171.2209 -4.7385697 -170.55092
11428750000 -4.8434057 -176.32222 -8.5050201 170.93484 -8.4800243 170.93042 -4.7328472 -170.4445
11434000000 -4.8339515 -176.18324 -8.5142269 170.6433 -8.4859285 170.64642 -4.7183166 -170.32341
11439250000 -4.8278232 -176.08467 -8.5289783 170.33453 -8.4978952 170.35922 -4.7096305 -170.21469
11444500000 -4.8184285 -175.95859 -8.5390158 170.04965 -8.5196047 170.08429 -4.6955504 -170.10298
11449750000 -4.8110642 -175.84074 -8.5528927 169.75426 -8.519598 169.8096 -4.6841712 -169.9762
11455000000 -4.7955923 -175.72665 -8.5665855 169.4993 -8.5390673 169.51123 -4.6695652 -169.87346
11460250000 -4.7868838 -175.62401 -8.5815783 169.21872 -8.554183 169.23367 -4.6570506 -169.77696
11465500000 -4.775279 -175.52977 -8.5904465 168.92659 -8.5656509 168.95584 -4.6441293 -169.63753
11470750000 -4.7589016 -175.41115 -8.6118059 168.63936 -8.5746145 168.65944 -4.6278358 -169.55376
11476000000 -4.7495985 -175.30798 -8.6225929 168.34906 -8.5982189 168.36281 -4.6151366 -169.43439
11481250000 -4.7336049 -175.1967 -8.6350584 168.07587 -8.6039219 168.09402 -4.6038914 -169.3317
11486500000 -4.7242551 -175.07498 -8.6451473 167.81683 -8.6219101 167.81796 -4.5879717 -169.21577
11491750000 -4.7182269 -174.97931 -8.6683245 167.55174 -8.6444273 167.55811 -4.5755196 -169.12718
11497000000 -4.6973963 -174.88823 -8.6751614 167.27577 -8.6575356 167.28708 -4.5637641 -168.98796
11502250000 -4.6857305 -174.76445 -8.6883936 166.98518 -8.6678152 166.98903 -4.546104 -168.88295
11507500000 -4.6767478 -174.66072 -8.7062159 166.7205 -8.6849566 166.76244 -4.5317397 -168.79839
11512750000 -4.660491 -174.54707 -8.7242117 166.47816 -8.7005215 166.4754 -4.519989 -168.69897
11518000000 -4.6503129 -174.43683 -8.7412519 166.23714 -8.714736 166.23012 -4.5104403 -168.59947
11523250000 -4.6401544 -174.34663 -8.7567253 165.91679 -8.7202759 165.98943 -4.4897065 -168.52579
11528500000 -4.6303396 -174.24692 -8.7768278 165.68665 -8.7421265 165.72197 -4.4815817 -168.43491
11533750000 -4.6147466 -174.13542 -8.7894716 165.45039 -8.7574081 165.45918 -4.4645309 -168.35452
11539000000 -4.6007309 -174.07166 -8.8100967 165.18488 -8.776124 165.21635 -4.4549923 -168.28897
11544250000 -4.590487 -173.96642 -8.8169184 164.94383 -8.7981501 164.96878 -4.4338899 -168.22868
11549500000 -4.5822825 -173.92705 -8.8350658 164.68132 -8.8172903 164.72917 -4.4256411 -168.1436
11554750000 -4.5697002 -173.83896 -8.8468437 164.43944 -8.8267403 164.47673 -4.4030252 -168.06784
11560000000 -4.5556684 -173.78406 -8.8666973 164.17738 -8.8458929 164.22777 -4.38908 -167.99954
11565250000 -4.5421009 -173.74561 -8.8899145 163.91699 -8.8624382 163.98894 -4.371263 -167.90527
11570500000 -4.5224457 -173.66609 -8.9028282 163.67091 -8.8802681 163.74673 -4.3511939 -167.85689
11575750000 -4.5128994 -173.60159 -8.9284372 163.46936 -8.8957386 163.48213 -4.3350921 -167.81161
11581000000 -4.4862537 -173.55847 -8.9444332 163.2252 -8.9058342 163.23993 -4.3150854 -167.69511
11586250000 -4.4719362 -173.46991 -8.9554605 163.00966 -8.9305983 163.03548 -4.3001356 -167.61877
11591500000 -4.4587679 -173.42368 -8.9729691 162.76582 -8.9429255 162.7332 -4.2777677 -167.56929
11596750000 -4.442636 -173.36665 -8.9912415 162.54729 -8.9615078 162.51498 -4.2621355 -167.50615
11602000000 -4.4261093 -173.31906 -9.0063772 162.27582 -8.9791994 162.30165 -4.2449517 -167.43706
11607250000 -4.412261 -173.23895 -9.0231123 162.0607 -8.9966555 162.06754 -4.2289257 -167.33481
11612500000 -4.3965468 -173.14232 -9.0398331 161.78194 -9.0144072 161.85069 -4.2136731 -167.28339
11617750000 -4.376544 -173.06047 -9.0624714 161.54616 -9.0366507 161.61595 -4.1962204 -167.20251
11623000000 -4.3657179 -173.00792 -9.0796795 161.32062 -9.054718 161.38704 -4.1749473 -167.11844
11628250000 -4.3470316 -172.93489 -9.0998936 161.1382 -9.06954 161.1489 -4.1592007 -167.06181
11633500000 -4.3302307 -172.88541 -9.1160984 160.9245 -9.0823803 160.95168 -4.1403456 -167.00305
11638750000 -4.315558 -172.82484 -9.1300058 160.6987 -9.1021757 160.71608 -4.1220093 -166.93942
11644000000 -4.2989798 -172.79028 -9.1539822 160.51387 -9.1256628 160.48788 -4.1066961 -166.89333
11649250000 -4.2830601 -172.73994 -9.1600666 160.26675 -9.1396809 160.33127 -4.0865679 -166.82011
11654500000 -4.2692227 -172.69412 -9.1780233 160.05937 -9.1542206 160.08469 -4.0652223 -166.77391
11659750000 -4.2508874 -172.65202 -9.1959753 159.85796 -9.1720629 159.82123 -4.0483966 -166.72656
11665000000 -4.2371178 -172.61041 -9.2157125 159.61755 -9.1877851 159.61992 -4.0291448 -166.66483
11670250000 -4.2183986 -172.56831 -9.2339573 159.40181 -9.2093992 159.42487 -4.0087609 -166.59378
11675500000 -4.2019753 -172.53636 -9.253232 159.2121 -9.2297783 159.26691 -3.9890223 -166.52077
11680750000 -4.1785955 -172.48955 -9.2652636 158.9881 -9.2464132 159.04547 -3.9697354 -166.50278
11686000000 -4.1601963 -172.42508 -9.2918043 158.80206 -9.2645206 158.82907 -3.9531083 -166.43839
11691250000 -4.1426549 -172.41983 -9.3036499 158.59911 -9.2866096 158.64291 -3.93027 -166.38179
11696500000 -4.1244841 -172.36259 -9.321497 158.38383 -9.2963886 158.38875 -3.9141879 -166.32794
11701750000 -4.0981941 -172.29703 -9.3359184 158.16028 -9.3092327 158.21301 -3.8930869 -166.30608
11707000000 -4.0795989 -172.25703 -9.3550425 157.9639 -9.3278599 158.01245 -3.8700154 -166.23041
11712250000 -4.0604844 -172.18735 -9.3761559 157.7608 -9.3459959 157.77367 -3.8526146 -166.18051
11717500000 -4.0454559 -172.14369 -9.3900814 157.54991 -9.3607826 157.61932 -3.8332906 -166.12068
11722750000 -4.0226517 -172.07765 -9.4096527 157.39725 -9.3831196 157.38 -3.809082 -166.08302
11728000000 -3.9987962 -172.00421 -9.4338379 157.20044 -9.4000273 157.1537 -3.7937069 -166.03789
11733250000 -3.9835408 -171.96768 -9.4468079 156.97556 -9.4185181 156.9903 -3.7667661 -165.95592
11738500000 -3.9687715 -171.89885 -9.4580002 156.77739 -9.4374456 156.81061 -3.7533648 -165.9301
11743750000 -3.9472234 -171.87631 -9.4770517 156.58916 -9.457736 156.63284 -3.734148 -165.86578
11749000000 -3.9271979 -171.78931 -9.4893408 156.39691 -9.4703379 156.46133 -3.7072933 -165.81242
11754250000 -3.9134314 -171.74728 -9.5069647 156.22414 -9.4878607 156.26263 -3.691015 -165.73265
11759500000 -3.8898308 -171.72037 -9.522707 156.01793 -9.4959288 156.0679 -3.6718864 -165.70625
11764750000 -3.8720458 -171.65665 -9.5403862 155.81342 -9.510663 155.83984 -3.6502001 -165.67509
11770000000 -3.8560488 -171.59344 -9.5629721 155.63231 -9.5323906 155.63716 -3.6347897 -165.63324
11775250000 -3.8379886 -171.5809 -9.5739689 155.44708 -9.5468197 155.46727 -3.6103702 -165.58241
11780500000 -3.8198371 -171.53375 -9.5825863 155.23634 -9.5608654 155.26857 -3.5906067 -165.51776
11785750000 -3.800102 -171.4892 -9.6005039 155.0683 -9.5851231 155.09859 -3.5718081 -165.47694
11791000000 -3.7787485 -171.4733 -9.6239328 154.862 -9.5961313 154.92757 -3.5526335 -165.4512
11796250000 -3.7627938 -171.42242 -9.6402159 154.66406 -9.6178513 154.74078 -3.5366635 -165.37555
11801500000 -3.7381549 -171.39378 -9.6532536 154.47826 -9.6252136 154.5672 -3.5173283 -165.39908
11806750000 -3.7226689 -171.326 -9.6728325 154.31395 -9.6407299 154.34573 -3.4983191 -165.3575
11812000000 -3.7035856 -171.25728 -9.6880016 154.13846 -9.6621323 154.16112 -3.4780371 -165.28383
11817250000 -3.6817508 -171.22693 -9.7076807 153.94778 -9.674221 153.9575 -3.463088 -165.24657
11822500000 -3.663234 -171.18005 -9.7163506 153.77293 -9.6905499 153.76419 -3.4431393 -165.22119
11827750000 -3.6399252 -171.09821 -9.7371416 153.5748 -9.7037182 153.55771 -3.4209492 -165.18886
11833000000 -3.6177707 -171.06934 -9.7520552 153.35004 -9.7189074 153.42238 -3.405293 -165.13046
11838250000 -3.603971 -171.01862 -9.7623682 153.16154 -9.7400103 153.217 -3.3865011 -165.09344
11843500000 -3.5770562 -170.94148 -9.7768164 152.99767 -9.7555008 153.06979 -3.3655109 -165.0506
11848750000 -3.563143 -170.91299 -9.7925739 152.8024 -9.7617044 152.89716 -3.3441534 -165.04007
11854000000 -3.5471814 -170.84616 -9.8069201 152.65816 -9.7764845 152.72279 -3.3239009 -164.99553
11859250000 -3.5257635 -170.76398 -9.8230124 152.4944 -9.791893 152.48138 -3.3000045 -164.95502
11864500000 -3.5081646 -170.75053 -9.8386211 152.29645 -9.8071222 152.2803 -3.2933183 -164.95276
11869750000 -3.4870296 -170.69501 -9.8504171 152.12289 -9.8248672 152.10951 -3.2765923 -164.89609
11875000000 -3.4755864 -170.64172 -9.8633165 151.91208 -9.8398867 151.93622 -3.2571733 -164.8786
11880250000 -3.4600487 -170.61304 -9.8769417 151.73961 -9.8513613 151.71162 -3.2411985 -164.8403
11885500000 -3.437748 -170.58418 -9.8842535 151.57835 -9.8672619 151.58717 -3.218797 -164.78061
11890750000 -3.419976 -170.53233 -9.9030838 151.32953 -9.8829107 151.41808 -3.2025747 -164.71352
11896000000 -3.4063895 -170.48969 -9.9270287 151.14049 -9.9015636 151.24249 -3.1883717 -164.71263
11901250000 -3.3872972 -170.47633 -9.9431305 150.96907 -9.9137239 151.03662 -3.1719205 -164.72183
11906500000 -3.3678415 -170.38794 -9.9591379 150.81316 -9.9266872 150.87875 -3.1577654 -164.68118
11911750000 -3.3472555 -170.36557 -9.9693584 150.64606 -9.9330149 150.67729 -3.1439288 -164.65291
11917000000 -3.3332829 -170.36412 -9.9879484 150.42705 -9.9495649 150.47745 -3.1246612 -164.64699
11922250000 -3.3125236 -170.29176 -9.9937954 150.27742 -9.9673052 150.28314 -3.1104054 -164.63193
11927500000 -3.2936957 -170.27466 -10.009587 150.10449 -9.9754419 150.06587 -3.0943384 -164.58163
11932750000 -3.2815852 -170.20816 -10.015543 149.90808 -9.9996872 149.95285 -3.0763781 -164.55556
11938000000 -3.2647703 -170.16869 -10.0356 149.71155 -10.016471 149.75128 -3.0696762 -164.50723
11943250000 -3.2481275 -170.11926 -10.045713 149.51062 -10.026183 149.58308 -3.0467117 -164.53571
11948500000 -3.234695 -170.06575 -10.064628 149.32767 -10.044909 149.36804 -3.0397542 -164.49693
11953750000 -3.2158852 -170.05496 -10.076422 149.16724 -10.049635 149.19386 -3.0187151 -164.49068
11959000000 -3.1996174 -170.01628 -10.092664 148.95758 -10.063869 149.05594 -3.0046544 -164.43604
11964250000 -3.184624 -169.94284 -10.100201 148.83829 -10.075754 148.86179 -2.9912138 -164.42555
11969500000 -3.1689839 -169.94116 -10.119243 148.66902 -10.098021 148.64896 -2.9770577 -164.43779
11974750000 -3.1549335 -169.93488 -10.136011 148.45851 -10.102901 148.51245 -2.9644523 -164.40582
11980000000 -3.1466537 -169.87608 -10.143821 148.30589 -10.121945 148.2718 -2.9461312 -164.37938
11985250000 -3.1248591 -169.84221 -10.157794 148.07475 -10.133165 148.11031 -2.9360297 -164.34625
11990500000 -3.114397 -169.83434 -10.177654 147.93704 -10.15255 147.91786 -2.9287624 -164.31956
11995750000 -3.1036003 -169.82658 -10.190805 147.70544 -10.166531 147.74477 -2.9149396 -164.30211
12001000000 -3.0813646 -169.78592 -10.201928 147.52757 -10.172745 147.58815 -2.8998053 -164.27538
12006250000 -3.0711324 -169.71887 -10.221252 147.35779 -10.193962 147.427 -2.8905528 -164.28688
12011500000 -3.0567465 -169.74274 -10.225158 147.16219 -10.206925 147.25269 -2.8810329 -164.25536
12016750000 -3.0467064 -169.68585 -10.23854 147.06656 -10.225144 146.99706 -2.8690858 -164.25287
12022000000 -3.0318644 -169.66959 -10.260249 146.78859 -10.235518 146.83995 -2.8585339 -164.24826
12027250000 -3.0206943 -169.64494 -10.274113 146.6581 -10.2492 146.6813 -2.8435116 -164.22008
12032500000 -3.0067768 -169.62994 -10.286185 146.45169 -10.266147 146.45612 -2.8422737 -164.21623
12037750000 -2.9971268 -169.64549 -10.301856 146.25516 -10.277521 146.30621 -2.8338919 -164.20488
12043000000 -2.9842753 -169.62874 -10.32132 146.0728 -10.29318 146.14346 -2.8223493 -164.2562
12048250000 -2.9646602 -169.57892 -10.326577 145.90636 -10.306495 145.93881 -2.8101497 -164.18094
12053500000 -2.962744 -169.57477 -10.348866 145.74432 -10.320319 145.77097 -2.797781 -164.21121
12058750000 -2.9524739 -169.53041 -10.354538 145.55786 -10.336361 145.58493 -2.7881091 -164.1813
12064000000 -2.9441562 -169.5425 -10.37662 145.35091 -10.3566 145.40125 -2.7805169 -164.19029
12069250000 -2.9356894 -169.51332 -10.3962 145.1927 -10.367588 145.25714 -2.763752 -164.17487
12074500000 -2.9291847 -169.51814 -10.409743 144.97662 -10.388803 145.08627 -2.7591999 -164.15833
12079750000 -2.9142733 -169.52672 -10.424971 144.83946 -10.397347 144.91232 -2.7479458 -164.15865
12085000000 -2.9047978 -169.51778 -10.441955 144.71075 -10.408352 144.80424 -2.7415879 -164.14888
12090250000 -2.8909647 -169.47668 -10.453418 144.4967 -10.430489 144.60034 -2.7313759 -164.15396
12095500000 -2.8777025 -169.50151 -10.463832 144.3261 -10.432834 144.39471 -2.7207012 -164.15216
12100750000 -2.8694506 -169.52586 -10.484678 144.16899 -10.453069 144.21652 -2.716152 -164.11702
12106000000 -2.8592825 -169.51364 -10.487683 144.04288 -10.457368 144.00233 -2.7028654 -164.14026
12111250000 -2.8558683 -169.51643 -10.501933 143.83086 -10.479601 143.83994 -2.7020049 -164.11885
12116500000 -2.8465524 -169.50542 -10.516552 143.67142 -10.504614 143.6828 -2.6954432 -164.13925
12121750000 -2.8404856 -169.50739 -10.539726 143.42189 -10.516885 143.48509 -2.6876631 -164.14288
12127000000 -2.8341186 -169.52657 -10.555755 143.25967 -10.53301 143.35074 -2.6874967 -164.11696
12132250000 -2.8253989 -169.57733 -10.582136 143.09996 -10.549982 143.13382 -2.6756499 -164.14772
12137500000 -2.8199222 -169.54089 -10.592489 142.91618 -10.565979 143.0507 -2.6749332 -164.13094
12142750000 -2.8113654 -169.5451 -10.605409 142.75409 -10.575013 142.89465 -2.6626329 -164.11685
12148000000 -2.802541 -169.54318 -10.627978 142.64415 -10.598913 142.70796 -2.6630676 -164.15294
12153250000 -2.794064 -169.58464 -10.64229 142.51486 -10.609039 142.54874 -2.6560767 -164.16743
12158500000 -2.7916045 -169.60641 -10.65321 142.32298 -10.636704 142.31934 -2.6505566 -164.16112
12163750000 -2.7830882 -169.64984 -10.672153 142.12662 -10.644423 142.18761 -2.6501737 -164.17094
12169000000 -2.7737148 -169.63031 -10.682663 141.96255 -10.67238 142.05153 -2.6405861 -164.17024
12174250000 -2.7748532 -169.68045 -10.703843 141.78459 -10.687775 141.83365 -2.6317258 -164.21954
12179500000 -2.7679968 -169.66133 -10.733118 141.66644 -10.702213 141.75665 -2.6251543 -164.19838
12184750000 -2.7630816 -169.74197 -10.747444 141.44121 -10.714667 141.58995 -2.6187217 -164.22137
12190000000 -2.7494636 -169.74922 -10.761339 141.31155 -10.73539 141.45171 -2.6102009 -164.20061
12195250000 -2.7471373 -169.7305 -10.775426 141.21397 -10.750015 141.27061 -2.6071916 -164.20142
12200500000 -2.7369592 -169.77556 -10.794545 141.0845 -10.758896 141.12451 -2.6001217 -164.24185
12205750000 -2.7386036 -169.83743 -10.814315 140.85912 -10.783584 140.89049 -2.5969715 -164.23073
12211000000 -2.7303531 -169.84044 -10.824773 140.75659 -10.797728 140.74623 -2.58885 -164.25499
12216250000 -2.7186234 -169.87859 -10.83939 140.59106 -10.815108 140.58504 -2.5895884 -164.21513
12221500000 -2.7120612 -169.85695 -10.859491 140.46811 -10.839257 140.45659 -2.5867186 -164.22621
12226750000 -2.7089112 -169.90453 -10.875491 140.31973 -10.850478 140.38945 -2.5789082 -164.18904
12232000000 -2.7085874 -169.93434 -10.902022 140.09865 -10.880259 140.26126 -2.5795231 -164.2159
12237250000 -2.6963716 -169.9465 -10.916021 139.97539 -10.883267 140.14993 -2.5764103 -164.24765
12242500000 -2.6936896 -169.97551 -10.929088 139.84729 -10.910314 139.95798 -2.5686762 -164.27856
12247750000 -2.6901696 -169.9902 -10.951462 139.75163 -10.920922 139.86292 -2.568342 -164.25777
12253000000 -2.6841013 -170.02452 -10.966109 139.56494 -10.935514 139.71019 -2.5638258 -164.30371
12258250000 -2.6850619 -170.05858 -10.984241 139.46631 -10.954678 139.5204 -2.5651703 -164.33749
12263500000 -2.6815503 -170.0657 -10.998749 139.33801 -10.97358 139.39299 -2.5583508 -164.35349
12268750000 -2.6778817 -170.14537 -11.014583 139.18285 -10.996535 139.21732 -2.5545759 -164.35669
12274000000 -2.6675897 -170.15479 -11.037665 139.02309 -11.018806 139.10828 -2.5506356 -164.36888
12279250000 -2.6693101 -170.17688 -11.059217 138.88179 -11.041635 138.9045 -2.5431881 -164.42519
12284500000 -2.6656668 -170.23456 -11.075953 138.75911 -11.054552 138.84897 -2.5412776 -164.43556
12289750000 -2.6616805 -170.27573 -11.085878 138.58427 -11.071086 138.76093 -2.5328655 -164.45905
12295000000 -2.6555059 -170.30746 -11.115265 138.49448 -11.088391 138.66832 -2.5274117 -164.48811
12300250000 -2.6525352 -170.3662 -11.132076 138.39406 -11.108262 138.47441 -2.5263114 -164.50592
12305500000 -2.6393423 -170.42636 -11.142863 138.26785 -11.117204 138.39153 -2.511096 -164.52818
12310750000 -2.6378615 -170.46535 -11.161924 138.16852 -11.139578 138.16293 -2.5047467 -164.53951
12316000000 -2.6318262 -170.51086 -11.185047 137.9967 -11.158287 138.08025 -2.5012596 -164.55656
12321250000 -2.6230018 -170.52811 -11.202228 137.90407 -11.17866 137.95007 -2.5012133 -164.52559
12326500000 -2.6220229 -170.54596 -11.227571 137.75516 -11.201849 137.84352 -2.4960499 -164.51878
12331750000 -2.6067085 -170.58971 -11.228324 137.68011 -11.208191 137.75552 -2.4904792 -164.53195
12337000000 -2.6070623 -170.61032 -11.256081 137.55705 -11.23417 137.60115 -2.4824021 -164.54942
12342250000 -2.5991995 -170.63988 -11.26504 137.41756 -11.244339 137.543 -2.4852061 -164.56676
12347500000 -2.5967574 -170.66647 -11.283801 137.30762 -11.259163 137.3829 -2.4791772 -164.6022
12352750000 -2.5941927 -170.66386 -11.306306 137.18504 -11.284279 137.26909 -2.4727063 -164.61896
12358000000 -2.5898976 -170.71359 -11.328816 137.11787 -11.292072 137.18869 -2.4662001 -164.6194
12363250000 -2.5803282 -170.73346 -11.335114 136.95721 -11.3167 137.08336 -2.4648833 -164.63461
12368500000 -2.5790277 -170.76079 -11.35585 136.85527 -11.334331 136.95348 -2.4602137 -164.65575
12373750000 -2.5668335 -170.80798 -11.385227 136.81371 -11.346736 136.8726 -2.4575551 -164.68361
12379000000 -2.5660725 -170.86354 -11.398579 136.64525 -11.36934 136.76321 -2.4543083 -164.72462
12384250000 -2.5567546 -170.86577 -11.402355 136.58496 -11.374826 136.62897 -2.4376352 -164.7524
12389500000 -2.5529397 -170.92451 -11.423736 136.51186 -11.403099 136.52643 -2.433449 -164.74545
12394750000 -2.5527992 -170.93892 -11.435864 136.40976 -11.415194 136.4164 -2.4284141 -164.79646
12400000000 -2.5454912 -171.00314 -11.45527 136.23422 -11.436629 136.30724 -2.4235179 -164.81181
