8200000000	-10.417213	-115.95664	-0.44461533	-26.505569	-0.43253556	-26.545185	-10.515628	-117.34794
8205250000	-10.442202	-115.9323	-0.44424841	-26.471098	-0.43500894	-26.544353	-10.528344	-117.37564
8210500000	-10.46842	-115.91122	-0.43953747	-26.487635	-0.4323813	-26.530186	-10.533851	-117.28741
8215750000	-10.485066	-115.87449	-0.44316271	-26.499035	-0.42664507	-26.498758	-10.553347	-117.26485
8221000000	-10.520401	-115.79591	-0.43936533	-26.480434	-0.42644915	-26.511604	-10.556103	-117.25331
8226250000	-10.538905	-115.77108	-0.43300095	-26.446596	-0.42328754	-26.496603	-10.563375	-117.24182
8231500000	-10.577578	-115.72775	-0.42716333	-26.437565	-0.42745385	-26.479456	-10.577371	-117.18346
8236750000	-10.598271	-115.72402	-0.42777035	-26.441462	-0.41746387	-26.474245	-10.592247	-117.21194
8242000000	-10.632239	-115.65421	-0.42129144	-26.408689	-0.41288194	-26.473726	-10.609462	-117.15202
8247250000	-10.666903	-115.61723	-0.42180917	-26.399338	-0.40776345	-26.434378	-10.626303	-117.09351
8252500000	-10.688314	-115.57192	-0.4192037	-26.411495	-0.40508199	-26.413036	-10.644482	-117.00327
8257750000	-10.725787	-115.57362	-0.41605571	-26.380487	-0.40685976	-26.425375	-10.666132	-116.91631
8263000000	-10.749191	-115.52241	-0.4078815	-26.349613	-0.40454328	-26.422209	-10.672879	-116.9783
8268250000	-10.786478	-115.57835	-0.40283024	-26.36698	-0.39573652	-26.373747	-10.687101	-116.83968
8273500000	-10.821474	-115.53515	-0.40668717	-26.318243	-0.39668953	-26.393473	-10.715477	-116.73016
8278750000	-10.863727	-115.48071	-0.39999413	-26.323946	-0.39470193	-26.339571	-10.71652	-116.7326
8284000000	-10.901208	-115.56048	-0.39861068	-26.310932	-0.39247626	-26.363913	-10.747253	-116.62446
8289250000	-10.928704	-115.54003	-0.39592871	-26.290936	-0.3903639	-26.33849	-10.766557	-116.52874
8294500000	-10.955542	-115.5425	-0.39142278	-26.257002	-0.3858411	-26.320053	-10.779361	-116.48606
8299750000	-10.993193	-115.56615	-0.38829288	-26.255152	-0.37988049	-26.303606	-10.802875	-116.30948
8305000000	-11.022864	-115.61861	-0.38598326	-26.249029	-0.37688074	-26.306889	-10.828233	-116.25572
8310250000	-11.059012	-115.52835	-0.38055477	-26.247538	-0.36768761	-26.309174	-10.841606	-116.1938
8315500000	-11.100987	-115.67632	-0.38052693	-26.252016	-0.37073362	-26.290186	-10.870479	-116.08675
8320750000	-11.123481	-115.64312	-0.36908361	-26.207144	-0.36847869	-26.257467	-10.89037	-115.99571
8326000000	-11.154773	-115.62296	-0.36813608	-26.20285	-0.36195925	-26.261759	-10.906645	-115.93886
8331250000	-11.17593	-115.68588	-0.36612737	-26.232693	-0.35696071	-26.231386	-10.939564	-115.8374
8336500000	-11.217684	-115.63643	-0.36907008	-26.198553	-0.35521507	-26.238968	-10.958201	-115.7847
8341750000	-11.24253	-115.7544	-0.36319539	-26.180346	-0.35554075	-26.224941	-10.980974	-115.70036
8347000000	-11.268954	-115.78076	-0.35986665	-26.183901	-0.35255042	-26.238907	-11.007012	-115.66261
8352250000	-11.298997	-115.84235	-0.35839254	-26.181576	-0.35284802	-26.250053	-11.038284	-115.58521
8357500000	-11.335061	-115.87193	-0.35585922	-26.190084	-0.35165876	-26.226576	-11.048615	-115.47242
8362750000	-11.362169	-115.94663	-0.34807548	-26.169558	-0.34239614	-26.222448	-11.075998	-115.46054
8368000000	-11.376007	-115.98064	-0.34658316	-26.200418	-0.33849829	-26.201012	-11.093664	-115.39149
8373250000	-11.404563	-116.05713	-0.34730178	-26.192078	-0.33451739	-26.211517	-11.107173	-115.32613
8378500000	-11.422585	-116.08255	-0.34243384	-26.187078	-0.3370803	-26.232016	-11.126144	-115.21001
8383750000	-11.450166	-116.15338	-0.3420096	-26.148584	-0.33657423	-26.214546	-11.13991	-115.19321
8389000000	-11.462903	-116.16268	-0.33885288	-26.178194	-0.33331662	-26.231344	-11.154335	-115.11146
8394250000	-11.472657	-116.2509	-0.33858696	-26.191708	-0.32793361	-26.246981	-11.172893	-115.11355
8399500000	-11.492449	-116.35476	-0.33648372	-26.195829	-0.3257122	-26.240913	-11.191687	-115.02118
8404750000	-11.507624	-116.41315	-0.33592108	-26.18425	-0.32767767	-26.23316	-11.200892	-114.92866
8410000000	-11.529132	-116.59583	-0.33676758	-26.213875	-0.32440582	-26.23004	-11.212082	-114.90619
8415250000	-11.534871	-116.60277	-0.33351713	-26.211864	-0.32416198	-26.256689	-11.227811	-114.8194
8420500000	-11.541427	-116.63597	-0.33029813	-26.233749	-0.31828126	-26.269554	-11.24745	-114.74287
8425750000	-11.551652	-116.77379	-0.33262569	-26.249866	-0.32207045	-26.275377	-11.263136	-114.73257
8431000000	-11.55409	-116.7945	-0.32925081	-26.24255	-0.31720769	-26.31164	-11.278771	-114.71498
8436250000	-11.572448	-116.84676	-0.32998288	-26.257853	-0.31265381	-26.320959	-11.283025	-114.68169
8441500000	-11.563004	-116.90396	-0.33396435	-26.28912	-0.31792226	-26.328316	-11.31032	-114.58246
8446750000	-11.565326	-116.93349	-0.3289431	-26.27688	-0.31688014	-26.362621	-11.310094	-114.60417
8452000000	-11.567623	-117.04513	-0.33210883	-26.325014	-0.31957781	-26.378345	-11.327024	-114.5639
8457250000	-11.55706	-117.15285	-0.32517871	-26.315365	-0.31687853	-26.377661	-11.32197	-114.56466
8462500000	-11.562239	-117.26644	-0.32536674	-26.329281	-0.31971464	-26.398727	-11.33247	-114.59689
8467750000	-11.560777	-117.33525	-0.32591349	-26.376186	-0.324458	-26.420065	-11.345462	-114.57719
8473000000	-11.558237	-117.39752	-0.32739133	-26.360121	-0.32406229	-26.431843	-11.346969	-114.60017
8478250000	-11.550324	-117.49789	-0.32888085	-26.407091	-0.32509246	-26.483641	-11.360562	-114.61845
8483500000	-11.534732	-117.57433	-0.32872933	-26.429693	-0.3254877	-26.45619	-11.353726	-114.58066
8488750000	-11.528476	-117.61052	-0.33058393	-26.447523	-0.32086486	-26.467102	-11.359771	-114.57146
8494000000	-11.5207	-117.67104	-0.33155435	-26.491316	-0.32487699	-26.535254	-11.354588	-114.58327
8499250000	-11.498749	-117.71165	-0.33170614	-26.512222	-0.32248914	-26.555193	-11.346912	-114.60613
8504500000	-11.487806	-117.86789	-0.33323926	-26.521646	-0.32378805	-26.580545	-11.350555	-114.61597
8509750000	-11.473803	-117.94228	-0.33510998	-26.563084	-0.32505006	-26.602871	-11.339193	-114.65227
8515000000	-11.450601	-117.98612	-0.33547127	-26.585201	-0.325286	-26.603897	-11.328569	-114.68985
8520250000	-11.43845	-118.02265	-0.3387922	-26.62606	-0.33099535	-26.650295	-11.336371	-114.75056
8525500000	-11.407831	-118.12703	-0.33434451	-26.648993	-0.33242303	-26.671431	-11.341143	-114.85181
8530750000	-11.396939	-118.0709	-0.33940613	-26.654917	-0.33165282	-26.698919	-11.340245	-114.84464
8536000000	-11.37823	-118.15459	-0.34126556	-26.699217	-0.33482549	-26.739016	-11.334595	-114.89119
8541250000	-11.356777	-118.24008	-0.34344792	-26.75774	-0.33230421	-26.762173	-11.320595	-114.87436
8546500000	-11.329546	-118.30429	-0.34852377	-26.759748	-0.33787233	-26.806038	-11.31637	-114.97642
8551750000	-11.308956	-118.3719	-0.34456584	-26.779064	-0.33401528	-26.843082	-11.310743	-115.01933
8557000000	-11.285779	-118.43107	-0.34715495	-26.81354	-0.33672336	-26.851042	-11.297129	-115.10027
8562250000	-11.26449	-118.4464	-0.3491461	-26.837681	-0.33786094	-26.892111	-11.281118	-115.1025
8567500000	-11.237775	-118.51791	-0.35004085	-26.872545	-0.34046066	-26.9174	-11.274682	-115.25046
8572750000	-11.208701	-118.53487	-0.35395521	-26.907681	-0.3472468	-26.958403	-11.26344	-115.38831
8578000000	-11.193767	-118.61219	-0.35443172	-26.933483	-0.34547204	-26.983736	-11.254047	-115.4912
8583250000	-11.159354	-118.61509	-0.35555783	-26.971174	-0.35005575	-26.981886	-11.2432	-115.47971
8588500000	-11.143823	-118.67621	-0.36062989	-26.999443	-0.35346958	-27.022961	-11.232634	-115.6162
8593750000	-11.110289	-118.75172	-0.363103	-27.01918	-0.35424933	-27.051476	-11.213739	-115.63631
8599000000	-11.095346	-118.72052	-0.36472201	-27.072603	-0.36005592	-27.096209	-11.206845	-115.77901
8604250000	-11.069716	-118.75605	-0.36970648	-27.099127	-0.3611393	-27.097897	-11.176211	-115.81164
8609500000	-11.04947	-118.79334	-0.36991167	-27.117725	-0.36279988	-27.140673	-11.159167	-115.85173
8614750000	-11.017728	-118.77271	-0.37508485	-27.149729	-0.36517313	-27.195595	-11.151237	-115.99471
8620000000	-10.994828	-118.784	-0.37201723	-27.16785	-0.36776	-27.200626	-11.135734	-116.04471
8625250000	-10.972018	-118.79255	-0.37399822	-27.217632	-0.36785322	-27.233395	-11.121989	-116.1357
8630500000	-10.948783	-118.74941	-0.37709349	-27.247129	-0.36834115	-27.280796	-11.10664	-116.23605
8635750000	-10.932952	-118.73071	-0.37946475	-27.236525	-0.37115029	-27.28171	-11.10512	-116.2864
8641000000	-10.906971	-118.77154	-0.37929729	-27.296085	-0.37523544	-27.303026	-11.091238	-116.36217
8646250000	-10.892613	-118.75861	-0.3846989	-27.28672	-0.37541735	-27.342886	-11.08013	-116.41341
8651500000	-10.872008	-118.71362	-0.3879199	-27.327831	-0.37690869	-27.35158	-11.06398	-116.51882
8656750000	-10.857367	-118.69119	-0.39034554	-27.345139	-0.37620187	-27.390862	-11.047382	-116.60315
8662000000	-10.840943	-118.69798	-0.39141124	-27.380497	-0.38567117	-27.40741	-11.042912	-116.75196
8667250000	-10.822544	-118.69123	-0.39117423	-27.397989	-0.38635352	-27.450535	-11.028703	-116.83302
8672500000	-10.804641	-118.72959	-0.39403483	-27.430458	-0.38593614	-27.431122	-11.018472	-116.89423
8677750000	-10.7957	-118.70074	-0.3951968	-27.436605	-0.38610846	-27.479239	-11.001882	-117.05161
8683000000	-10.78167	-118.71004	-0.3956086	-27.458738	-0.39183235	-27.494703	-10.997557	-117.06425
8688250000	-10.76761	-118.65186	-0.39380071	-27.473181	-0.39349392	-27.515038	-10.986022	-117.19143
8693500000	-10.764202	-118.66474	-0.39767441	-27.51339	-0.39439157	-27.546368	-10.972402	-117.26266
8698750000	-10.759593	-118.61095	-0.40500021	-27.512005	-0.39435163	-27.528074	-10.964446	-117.26502
8704000000	-10.745564	-118.62887	-0.40202922	-27.512657	-0.39697695	-27.556065	-10.954737	-117.34818
8709250000	-10.73863	-118.57916	-0.40517113	-27.543579	-0.39461792	-27.582918	-10.928957	-117.45908
8714500000	-10.731246	-118.51552	-0.40307599	-27.557478	-0.39902857	-27.601839	-10.924477	-117.47659
8719750000	-10.716233	-118.4976	-0.40552735	-27.586788	-0.39997825	-27.620008	-10.919902	-117.53182
8725000000	-10.708817	-118.45827	-0.40770873	-27.59441	-0.3955549	-27.632566	-10.906154	-117.61919
8730250000	-10.706324	-118.39333	-0.40264261	-27.605822	-0.39563635	-27.62546	-10.900702	-117.64832
8735500000	-10.711016	-118.43444	-0.40451911	-27.614592	-0.39853695	-27.655361	-10.904292	-117.66831
8740750000	-10.701127	-118.36583	-0.40241486	-27.62034	-0.39323449	-27.656523	-10.892302	-117.6834
8746000000	-10.715327	-118.31889	-0.40613946	-27.62002	-0.39551112	-27.655535	-10.895298	-117.73532
8751250000	-10.714891	-118.32132	-0.40505794	-27.655729	-0.39942089	-27.703684	-10.894634	-117.83301
8756500000	-10.724553	-118.25446	-0.40699705	-27.649384	-0.39859447	-27.663078	-10.894298	-117.79824
8761750000	-10.73167	-118.17545	-0.40280914	-27.651833	-0.39455053	-27.691935	-10.892762	-117.84426
8767000000	-10.736094	-118.16076	-0.40148431	-27.673475	-0.39879936	-27.670481	-10.897472	-117.89531
8772250000	-10.74122	-118.10845	-0.40392745	-27.664871	-0.39408946	-27.701942	-10.895438	-117.93936
8777500000	-10.73755	-118.05775	-0.40664685	-27.666634	-0.39203745	-27.691458	-10.894038	-117.96369
8782750000	-10.750878	-118.01196	-0.40039787	-27.661789	-0.39326987	-27.706472	-10.891589	-117.96674
8788000000	-10.765433	-118.00271	-0.40331864	-27.677351	-0.39429173	-27.718355	-10.895504	-117.9842
8793250000	-10.77694	-117.99808	-0.39723757	-27.695244	-0.39510226	-27.720102	-10.902365	-117.97473
8798500000	-10.798981	-117.93856	-0.40079412	-27.679892	-0.39492816	-27.730785	-10.906909	-118.04895
8803750000	-10.806747	-117.87846	-0.39917308	-27.667126	-0.39249375	-27.715389	-10.904768	-118.01766
8809000000	-10.822871	-117.86904	-0.39787385	-27.67568	-0.38905674	-27.696159	-10.912268	-118.0404
8814250000	-10.83903	-117.83353	-0.3984358	-27.696447	-0.38939354	-27.697044	-10.919718	-118.02709
8819500000	-10.852664	-117.7737	-0.39143074	-27.702656	-0.38522118	-27.729391	-10.919111	-118.0438
8824750000	-10.871439	-117.70123	-0.3949281	-27.671478	-0.37883705	-27.723412	-10.918591	-118.00062
8830000000	-10.891488	-117.66598	-0.38588664	-27.656313	-0.38421056	-27.700869	-10.940689	-117.94026
8835250000	-10.905599	-117.6365	-0.38795981	-27.673492	-0.38284796	-27.700451	-10.9379	-117.94601
8840500000	-10.930306	-117.60583	-0.38548771	-27.692469	-0.38202509	-27.695681	-10.950142	-117.84236
8845750000	-10.951582	-117.58343	-0.3811273	-27.650137	-0.37778738	-27.686893	-10.962398	-117.82851
8851000000	-10.96644	-117.50857	-0.37803379	-27.648582	-0.37585315	-27.692932	-10.977474	-117.8484
8856250000	-10.99702	-117.51169	-0.3770676	-27.662228	-0.36872515	-27.688229	-10.980237	-117.81664
8861500000	-11.017282	-117.45812	-0.37480754	-27.6761	-0.36860797	-27.695759	-11.0003	-117.78761
8866750000	-11.045214	-117.42549	-0.37606636	-27.642319	-0.36608824	-27.692747	-11.012857	-117.78664
8872000000	-11.070541	-117.40997	-0.37728617	-27.659624	-0.36170259	-27.682648	-11.029495	-117.71296
8877250000	-11.094276	-117.37535	-0.36657304	-27.652777	-0.36166456	-27.689125	-11.049714	-117.67196
8882500000	-11.122744	-117.33538	-0.36693904	-27.661047	-0.35824788	-27.702606	-11.063617	-117.62863
8887750000	-11.147058	-117.37933	-0.36398211	-27.635923	-0.35515505	-27.6619	-11.077268	-117.56652
8893000000	-11.175899	-117.35743	-0.3616834	-27.624912	-0.35582054	-27.655178	-11.083599	-117.47871
8898250000	-11.193027	-117.39793	-0.35964113	-27.636385	-0.3530156	-27.655699	-11.106919	-117.48573
8903500000	-11.219646	-117.36244	-0.36051461	-27.642939	-0.34819108	-27.671705	-11.115189	-117.44495
8908750000	-11.239873	-117.41031	-0.35321617	-27.61108	-0.34599108	-27.655043	-11.127093	-117.39188
8914000000	-11.273365	-117.40123	-0.3529931	-27.64624	-0.34759524	-27.67741	-11.148889	-117.35233
8919250000	-11.297523	-117.3819	-0.35247442	-27.632643	-0.34147522	-27.673315	-11.161079	-117.30782
8924500000	-11.327438	-117.37393	-0.34948581	-27.619307	-0.33981177	-27.668129	-11.186043	-117.24715
8929750000	-11.352954	-117.37664	-0.34717858	-27.638548	-0.33777928	-27.651554	-11.196303	-117.13981
8935000000	-11.370822	-117.3244	-0.34197921	-27.598433	-0.33536699	-27.670481	-11.202458	-117.04742
8940250000	-11.400293	-117.36198	-0.3405759	-27.630781	-0.33126986	-27.646193	-11.225646	-117.02315
8945500000	-11.413498	-117.33952	-0.33803579	-27.623432	-0.33102474	-27.683302	-11.238317	-116.92444
8950750000	-11.437506	-117.39178	-0.33337864	-27.637617	-0.32725433	-27.657921	-11.253839	-116.90298
8956000000	-11.456499	-117.35499	-0.33244935	-27.63512	-0.3266809	-27.660967	-11.274522	-116.82043
8961250000	-11.488193	-117.40829	-0.33502367	-27.628025	-0.3241303	-27.630775	-11.296125	-116.78333
8966500000	-11.508665	-117.46533	-0.32772985	-27.642725	-0.3251209	-27.662041	-11.314895	-116.68143
8971750000	-11.533818	-117.47323	-0.32955673	-27.624342	-0.31494281	-27.66547	-11.331798	-116.66777
8977000000	-11.558976	-117.47636	-0.32008851	-27.650471	-0.32261685	-27.658972	-11.355086	-116.60863
8982250000	-11.579596	-117.51765	-0.32228875	-27.650862	-0.31687972	-27.659815	-11.368684	-116.49981
8987500000	-11.59397	-117.52875	-0.32478371	-27.651194	-0.31281298	-27.661192	-11.38506	-116.44562
8992750000	-11.622424	-117.5696	-0.32108	-27.642712	-0.31078139	-27.691683	-11.405239	-116.38206
8998000000	-11.635313	-117.61444	-0.320317	-27.666136	-0.31061348	-27.696871	-11.412518	-116.40919
9003250000	-11.649696	-117.72447	-0.32049415	-27.685886	-0.30897102	-27.701435	-11.427522	-116.33169
9008500000	-11.654738	-117.72369	-0.31710583	-27.679747	-0.30800658	-27.715458	-11.436891	-116.26782
9013750000	-11.671842	-117.81855	-0.31494474	-27.682119	-0.30663416	-27.731726	-11.439686	-116.26654
9019000000	-11.685475	-117.90025	-0.31639931	-27.696411	-0.30321881	-27.750626	-11.463081	-116.25555
9024250000	-11.698509	-117.90402	-0.31094247	-27.713171	-0.30564356	-27.730906	-11.470205	-116.20399
9029500000	-11.717841	-118.00171	-0.31498691	-27.724209	-0.301258	-27.767813	-11.478731	-116.12083
9034750000	-11.719663	-118.02359	-0.31226307	-27.732664	-0.30232066	-27.78141	-11.496434	-116.02433
9040000000	-11.72015	-118.07947	-0.30980885	-27.74144	-0.29959118	-27.789778	-11.501209	-116.01172
9045250000	-11.729928	-118.1098	-0.30772948	-27.766495	-0.30323765	-27.805571	-11.503313	-115.96499
9050500000	-11.731312	-118.20447	-0.3097913	-27.792383	-0.30120727	-27.82509	-11.518182	-115.96926
9055750000	-11.732712	-118.24046	-0.30873588	-27.801256	-0.29869455	-27.830025	-11.526931	-115.96269
9061000000	-11.730526	-118.2899	-0.30477422	-27.814857	-0.30012164	-27.841652	-11.530322	-115.89636
9066250000	-11.736165	-118.34311	-0.30504039	-27.819088	-0.29987571	-27.856037	-11.537428	-115.85448
9071500000	-11.739879	-118.40569	-0.30503914	-27.840281	-0.30124736	-27.873928	-11.551653	-115.89155
9076750000	-11.744829	-118.5218	-0.30834815	-27.872293	-0.30103651	-27.910347	-11.551455	-115.85833
9082000000	-11.737632	-118.54008	-0.30766255	-27.891321	-0.29860976	-27.889029	-11.562618	-115.83038
9087250000	-11.741379	-118.59703	-0.30592984	-27.915468	-0.30251381	-27.932426	-11.559457	-115.83762
9092500000	-11.732588	-118.68083	-0.31223315	-27.92967	-0.30278036	-27.928045	-11.571607	-115.78758
9097750000	-11.726303	-118.72974	-0.31000564	-27.961998	-0.30354407	-27.979786	-11.56671	-115.85202
9103000000	-11.728538	-118.85342	-0.311277	-27.976046	-0.30447385	-27.987366	-11.578351	-115.8766
9108250000	-11.712948	-118.89737	-0.30865926	-27.969156	-0.30363247	-28.009956	-11.566719	-115.85838
9113500000	-11.697291	-119.03954	-0.31161958	-28.020248	-0.30408755	-28.017162	-11.572437	-115.87611
9118750000	-11.688944	-119.09924	-0.31091622	-28.045185	-0.30294287	-28.05299	-11.560781	-115.8714
9124000000	-11.677238	-119.14822	-0.30938071	-28.057226	-0.30132571	-28.096003	-11.56364	-115.93639
9129250000	-11.660197	-119.17915	-0.31305575	-28.062601	-0.3060782	-28.099228	-11.557055	-115.92773
9134500000	-11.645018	-119.33917	-0.31737077	-28.120106	-0.30526444	-28.118391	-11.543151	-115.90257
9139750000	-11.622628	-119.39083	-0.31575665	-28.138618	-0.30877525	-28.15144	-11.552156	-115.93456
9145000000	-11.612893	-119.47025	-0.31656948	-28.169041	-0.30704585	-28.153467	-11.536316	-115.98204
9150250000	-11.582554	-119.58959	-0.31227395	-28.201025	-0.3115758	-28.205387	-11.527065	-116.00698
9155500000	-11.572091	-119.66736	-0.31820348	-28.25573	-0.31056333	-28.248156	-11.516939	-116.05247
9160750000	-11.549819	-119.69718	-0.31793806	-28.262518	-0.31102005	-28.26136	-11.512454	-116.048
9166000000	-11.539408	-119.72742	-0.32358256	-28.288921	-0.31882343	-28.283058	-11.507392	-116.08587
9171250000	-11.513599	-119.80984	-0.32480979	-28.303743	-0.32148209	-28.337257	-11.500458	-116.0919
9176500000	-11.495971	-119.92712	-0.32656506	-28.347223	-0.32136577	-28.347221	-11.493115	-116.18417
9181750000	-11.477076	-119.91354	-0.32924241	-28.365446	-0.3224161	-28.373264	-11.476241	-116.16759
9187000000	-11.45277	-120.00704	-0.33203554	-28.436234	-0.32323369	-28.401514	-11.46982	-116.27463
9192250000	-11.439441	-120.08877	-0.3322987	-28.413973	-0.32598877	-28.450733	-11.463186	-116.3109
9197500000	-11.415556	-120.15822	-0.33392459	-28.467812	-0.32776967	-28.456451	-11.453438	-116.38719
9202750000	-11.39935	-120.1799	-0.33512193	-28.479185	-0.32302478	-28.475269	-11.438845	-116.46736
9208000000	-11.375036	-120.2327	-0.33804214	-28.51305	-0.3278501	-28.490206	-11.433795	-116.48286
9213250000	-11.348983	-120.26913	-0.33739808	-28.535669	-0.33228409	-28.559696	-11.414944	-116.59995
9218500000	-11.31903	-120.34825	-0.34528923	-28.551249	-0.33207533	-28.576464	-11.411987	-116.61402
9223750000	-11.293529	-120.37665	-0.34387553	-28.602859	-0.33695111	-28.60042	-11.391287	-116.76267
9229000000	-11.263166	-120.47408	-0.34931508	-28.625399	-0.33868077	-28.64307	-11.374093	-116.82764
9234250000	-11.241383	-120.53826	-0.3496545	-28.66464	-0.33995062	-28.671892	-11.351266	-116.88098
9239500000	-11.225081	-120.59621	-0.35049531	-28.669897	-0.34103042	-28.69939	-11.337667	-117.01031
9244750000	-11.201649	-120.67915	-0.35206276	-28.722729	-0.34413534	-28.706425	-11.327739	-117.09092
9250000000	-11.176412	-120.66406	-0.35386071	-28.749458	-0.34318605	-28.741007	-11.308586	-117.14653
9255250000	-11.160297	-120.65331	-0.35751122	-28.75272	-0.3516748	-28.782988	-11.303821	-117.20363
9260500000	-11.138925	-120.62549	-0.36045024	-28.789896	-0.35055208	-28.815172	-11.281836	-117.27866
9265750000	-11.11389	-120.6905	-0.36383235	-28.819748	-0.35152969	-28.81465	-11.266684	-117.39429
9271000000	-11.094012	-120.72932	-0.36729246	-28.831404	-0.35532805	-28.834618	-11.252968	-117.32902
9276250000	-11.063196	-120.72696	-0.36630836	-28.870304	-0.3539606	-28.868328	-11.236781	-117.41885
9281500000	-11.049399	-120.77627	-0.36949182	-28.894299	-0.3556473	-28.910879	-11.216646	-117.47015
9286750000	-11.024179	-120.78511	-0.3698135	-28.929605	-0.36038551	-28.917139	-11.199299	-117.56786
9292000000	-11.01422	-120.7691	-0.3708111	-28.92828	-0.35977012	-28.953411	-11.184718	-117.63812
9297250000	-10.991553	-120.8794	-0.37528154	-28.940706	-0.36342654	-28.955235	-11.176163	-117.76685
9302500000	-10.979062	-120.83987	-0.37797138	-28.958916	-0.36404833	-28.978334	-11.16512	-117.82767
9307750000	-10.969253	-120.8735	-0.3789435	-29.013069	-0.36912549	-29.025795	-11.159522	-117.90243
9313000000	-10.956579	-120.82541	-0.37784803	-29.020456	-0.37014648	-29.024137	-11.148609	-117.97012
9318250000	-10.944118	-120.8149	-0.37987611	-29.026859	-0.36758268	-29.032833	-11.134098	-118.09231
9323500000	-10.925106	-120.83379	-0.38321131	-29.072014	-0.37289822	-29.055048	-11.135875	-118.12696
9328750000	-10.913513	-120.78123	-0.38194543	-29.064354	-0.37361139	-29.085091	-11.104159	-118.14714
9334000000	-10.90043	-120.74918	-0.38533902	-29.082119	-0.37650478	-29.084261	-11.107121	-118.19869
9339250000	-10.882503	-120.86412	-0.38227171	-29.117599	-0.3810682	-29.128527	-11.089081	-118.35696
9344500000	-10.882259	-120.85764	-0.39078349	-29.137003	-0.37657535	-29.133364	-11.080926	-118.46252
9349750000	-10.867551	-120.80146	-0.39122581	-29.149876	-0.38020366	-29.128534	-11.059378	-118.49549
9355000000	-10.861129	-120.76804	-0.3928403	-29.171028	-0.38233933	-29.185057	-11.063146	-118.58008
9360250000	-10.851588	-120.78713	-0.3901132	-29.19268	-0.3762629	-29.199493	-11.042283	-118.60275
9365500000	-10.840261	-120.75848	-0.39220381	-29.212549	-0.37364382	-29.228409	-11.036572	-118.67912
9370750000	-10.841403	-120.71596	-0.39260191	-29.221277	-0.38137022	-29.245184	-11.038343	-118.69911
9376000000	-10.837077	-120.66045	-0.39509583	-29.221783	-0.37767056	-29.197359	-11.023719	-118.75681
9381250000	-10.833288	-120.64085	-0.39369845	-29.245132	-0.38401791	-29.247223	-11.011703	-118.78242
9386500000	-10.833802	-120.5872	-0.39088741	-29.25646	-0.38600633	-29.257328	-11.001485	-118.80994
9391750000	-10.826744	-120.57014	-0.39209062	-29.250662	-0.38305578	-29.272736	-11.006366	-118.8411
9397000000	-10.8252	-120.52372	-0.39343178	-29.269732	-0.3817952	-29.268116	-10.998743	-118.91507
9402250000	-10.827208	-120.50503	-0.39237478	-29.263132	-0.38096958	-29.291273	-11.004522	-118.9921
9407500000	-10.826021	-120.45032	-0.39361981	-29.267467	-0.38082859	-29.284714	-11.002083	-118.99297
9412750000	-10.837107	-120.48508	-0.39287281	-29.281906	-0.38486025	-29.279089	-11.009434	-119.08476
9418000000	-10.851699	-120.39533	-0.39131328	-29.298828	-0.37951007	-29.318638	-11.001255	-119.10106
9423250000	-10.849291	-120.3465	-0.39082718	-29.306786	-0.37951863	-29.317768	-11.001938	-119.07746
9428500000	-10.863355	-120.30054	-0.38985902	-29.336288	-0.37782353	-29.34951	-11.004698	-119.12115
9433750000	-10.863056	-120.27734	-0.39176157	-29.324314	-0.37649211	-29.319841	-11.012162	-119.12641
9439000000	-10.879249	-120.21912	-0.38818577	-29.333075	-0.37696755	-29.313747	-11.008456	-119.15194
9444250000	-10.876729	-120.19823	-0.38704237	-29.344122	-0.38046604	-29.328335	-11.001145	-119.21046
9449500000	-10.897939	-120.18111	-0.38971457	-29.330145	-0.37654299	-29.328655	-11.019228	-119.23145
9454750000	-10.902654	-120.16296	-0.38500556	-29.351009	-0.3745034	-29.317251	-11.005078	-119.2447
9460000000	-10.908011	-120.09493	-0.38278687	-29.3354	-0.3737134	-29.330353	-11.017022	-119.23591
9465250000	-10.929559	-120.03286	-0.38011181	-29.366764	-0.36869982	-29.372553	-11.020095	-119.31396
9470500000	-10.944423	-119.9706	-0.38165635	-29.323822	-0.36541504	-29.352922	-11.029515	-119.19184
9475750000	-10.958828	-119.92601	-0.37831423	-29.361191	-0.365435	-29.313751	-11.029007	-119.16158
9481000000	-10.984938	-119.88154	-0.37809375	-29.373201	-0.36402631	-29.375248	-11.038543	-119.19398
9486250000	-10.995931	-119.80712	-0.37445539	-29.344114	-0.36285895	-29.347237	-11.049927	-119.17976
9491500000	-11.014435	-119.76029	-0.37525839	-29.373116	-0.36366162	-29.336199	-11.057551	-119.11025
9496750000	-11.030943	-119.73936	-0.37517849	-29.37512	-0.36092675	-29.366419	-11.065795	-119.10709
9502000000	-11.049696	-119.60625	-0.37150836	-29.368622	-0.35868257	-29.367165	-11.077289	-119.09286
9507250000	-11.072306	-119.62652	-0.37057835	-29.373365	-0.35710412	-29.342756	-11.085745	-119.08997
9512500000	-11.084019	-119.62377	-0.36317527	-29.365139	-0.35701069	-29.375185	-11.095499	-119.14036
9517750000	-11.114617	-119.57117	-0.36520842	-29.376358	-0.3568089	-29.364418	-11.119245	-119.06579
9523000000	-11.132053	-119.57423	-0.36566624	-29.352823	-0.34977636	-29.364214	-11.127399	-119.04117
9528250000	-11.161836	-119.5199	-0.35980433	-29.380692	-0.35290885	-29.379765	-11.146092	-118.95749
9533500000	-11.183634	-119.50394	-0.35446531	-29.360361	-0.34946778	-29.361464	-11.157573	-118.95414
9538750000	-11.21651	-119.38844	-0.35265586	-29.367771	-0.33974096	-29.360474	-11.16042	-118.83465
9544000000	-11.232476	-119.41157	-0.35383368	-29.359381	-0.34267637	-29.356176	-11.186014	-118.91947
9549250000	-11.248181	-119.4201	-0.34732896	-29.377287	-0.33885169	-29.358025	-11.190059	-118.88985
9554500000	-11.277363	-119.29072	-0.34929866	-29.368731	-0.33383715	-29.35704	-11.201079	-118.8293
9559750000	-11.297614	-119.30724	-0.34883326	-29.37855	-0.33105057	-29.350542	-11.21854	-118.78825
9565000000	-11.318991	-119.29417	-0.34537894	-29.349903	-0.33186632	-29.356747	-11.232047	-118.72894
9570250000	-11.336293	-119.28393	-0.34566531	-29.353804	-0.32841748	-29.37619	-11.251686	-118.72427
9575500000	-11.369989	-119.22763	-0.33877221	-29.378201	-0.32636744	-29.345419	-11.262853	-118.65769
9580750000	-11.381923	-119.22654	-0.33836812	-29.3957	-0.32452255	-29.368958	-11.279384	-118.64022
9586000000	-11.41655	-119.16228	-0.33229837	-29.375448	-0.32847631	-29.378054	-11.291955	-118.5627
9591250000	-11.443871	-119.10946	-0.33535668	-29.387043	-0.32345486	-29.368124	-11.305211	-118.5599
9596500000	-11.462529	-119.0575	-0.33137631	-29.376976	-0.32128286	-29.376112	-11.324956	-118.46589
9601750000	-11.486476	-119.02914	-0.32988247	-29.397886	-0.31357735	-29.384212	-11.336904	-118.36632
9607000000	-11.494688	-119.0341	-0.32153383	-29.386036	-0.31106409	-29.390974	-11.349085	-118.30422
9612250000	-11.519011	-119.02895	-0.32347873	-29.396482	-0.31032076	-29.384947	-11.368259	-118.31062
9617500000	-11.539059	-119.07759	-0.31975648	-29.420019	-0.30823234	-29.387375	-11.389755	-118.28418
9622750000	-11.572479	-119.02888	-0.31901458	-29.405167	-0.3089177	-29.396667	-11.400248	-118.22678
9628000000	-11.59155	-119.15031	-0.32366398	-29.407534	-0.30409756	-29.440643	-11.408858	-118.17654
9633250000	-11.610918	-119.11679	-0.31486818	-29.433718	-0.30089256	-29.403326	-11.422171	-118.12654
9638500000	-11.627934	-119.0426	-0.3170293	-29.414568	-0.29837066	-29.427057	-11.444891	-118.03416
9643750000	-11.655378	-119.0614	-0.31615886	-29.430742	-0.29716551	-29.39975	-11.466918	-117.98566
9649000000	-11.67716	-119.09373	-0.30976444	-29.440325	-0.29715782	-29.430298	-11.480596	-117.94014
9654250000	-11.698416	-119.12675	-0.31405115	-29.459764	-0.29889399	-29.435886	-11.493937	-117.97305
9659500000	-11.711568	-119.09533	-0.31208354	-29.457117	-0.29416049	-29.452517	-11.51311	-117.86919
9664750000	-11.721256	-119.10056	-0.30609229	-29.448986	-0.2924194	-29.47328	-11.520804	-117.84161
9670000000	-11.724082	-119.18118	-0.3080062	-29.480286	-0.29503518	-29.47333	-11.526238	-117.75972
9675250000	-11.742579	-119.20219	-0.3031899	-29.481474	-0.29049823	-29.502228	-11.543385	-117.76305
9680500000	-11.753973	-119.22123	-0.30618882	-29.489273	-0.28818607	-29.467836	-11.550972	-117.68153
9685750000	-11.761685	-119.30386	-0.30167684	-29.517513	-0.2924673	-29.52487	-11.569922	-117.67652
9691000000	-11.768266	-119.36626	-0.30477929	-29.538799	-0.28707996	-29.523842	-11.577853	-117.62908
9696250000	-11.786597	-119.38701	-0.30332562	-29.539236	-0.28647283	-29.52446	-11.587332	-117.55192
9701500000	-11.795564	-119.40836	-0.30347416	-29.57625	-0.28970701	-29.55604	-11.593621	-117.50353
9706750000	-11.80215	-119.38365	-0.29642287	-29.547846	-0.28700277	-29.581871	-11.60143	-117.52402
9712000000	-11.80022	-119.50767	-0.2979039	-29.592356	-0.28976363	-29.608665	-11.611712	-117.40683
9717250000	-11.807614	-119.52087	-0.30352601	-29.615677	-0.28528354	-29.61067	-11.611468	-117.43861
9722500000	-11.811787	-119.62574	-0.30320889	-29.626261	-0.28482717	-29.603167	-11.619908	-117.32834
9727750000	-11.801829	-119.65227	-0.30173504	-29.64537	-0.29226774	-29.652973	-11.627475	-117.40355
9733000000	-11.803942	-119.74483	-0.29834673	-29.625679	-0.28878474	-29.642826	-11.625229	-117.36648
9738250000	-11.814041	-119.68521	-0.30177698	-29.66901	-0.28349844	-29.678726	-11.640644	-117.31784
9743500000	-11.799041	-119.87657	-0.29998091	-29.685167	-0.29139653	-29.721344	-11.642088	-117.4405
9748750000	-11.802938	-119.92914	-0.30277982	-29.700897	-0.28958204	-29.744822	-11.65322	-117.33108
9754000000	-11.804923	-120.01067	-0.30086029	-29.727293	-0.28712299	-29.739429	-11.655139	-117.31835
9759250000	-11.800948	-120.06139	-0.30195796	-29.762587	-0.28195763	-29.75551	-11.650958	-117.27514
9764500000	-11.782551	-120.13316	-0.2977154	-29.78404	-0.28368884	-29.795774	-11.654491	-117.27753
9769750000	-11.77437	-120.24973	-0.30177119	-29.798166	-0.28320354	-29.814787	-11.659928	-117.19799
9775000000	-11.780625	-120.2878	-0.3031517	-29.861216	-0.29068199	-29.811567	-11.655959	-117.26202
9780250000	-11.765988	-120.32382	-0.30356982	-29.82399	-0.29575297	-29.866859	-11.650936	-117.22427
9785500000	-11.753388	-120.42704	-0.30000764	-29.90205	-0.29222915	-29.864767	-11.637785	-117.31699
9790750000	-11.744494	-120.54472	-0.30640087	-29.891176	-0.29676509	-29.891739	-11.638144	-117.32832
9796000000	-11.725115	-120.6302	-0.30769679	-29.927168	-0.29467615	-29.940224	-11.640598	-117.38841
9801250000	-11.71545	-120.71357	-0.31153056	-29.959351	-0.29532337	-29.966349	-11.629611	-117.35682
9806500000	-11.698119	-120.77234	-0.30910739	-29.973698	-0.29933539	-29.992685	-11.630397	-117.38467
9811750000	-11.686443	-120.86819	-0.30961171	-30.015533	-0.296933	-30.021162	-11.616496	-117.32477
9817000000	-11.671747	-120.94551	-0.31253296	-30.022087	-0.29691792	-30.01886	-11.604885	-117.37238
9822250000	-11.643316	-120.97283	-0.31320655	-30.089392	-0.30209732	-30.046345	-11.599947	-117.37691
9827500000	-11.625379	-121.04034	-0.313366	-30.083797	-0.30404446	-30.089167	-11.595407	-117.46077
9832750000	-11.604365	-121.10606	-0.31603485	-30.108631	-0.30628642	-30.119488	-11.574206	-117.44647
9838000000	-11.584826	-121.21454	-0.31939805	-30.147036	-0.3053847	-30.154951	-11.56302	-117.52871
9843250000	-11.55046	-121.35915	-0.31697878	-30.166552	-0.30616561	-30.20154	-11.543172	-117.60518
9848500000	-11.53898	-121.43272	-0.32560527	-30.182821	-0.31124571	-30.176456	-11.54947	-117.58781
9853750000	-11.526681	-121.58867	-0.32395083	-30.252369	-0.31619614	-30.219591	-11.541151	-117.6627
9859000000	-11.509594	-121.6662	-0.32619739	-30.248367	-0.31650665	-30.233303	-11.52789	-117.65028
9864250000	-11.479766	-121.77159	-0.32275334	-30.278311	-0.3128643	-30.270992	-11.51267	-117.69002
9869500000	-11.468163	-121.81062	-0.33298218	-30.318359	-0.32350683	-30.304214	-11.497129	-117.81437
9874750000	-11.429424	-121.92628	-0.33110321	-30.327906	-0.32408801	-30.330593	-11.47622	-117.80433
9880000000	-11.414952	-121.89024	-0.33337557	-30.340271	-0.33181894	-30.324009	-11.4754	-117.80495
9885250000	-11.383589	-121.91418	-0.33722848	-30.378345	-0.32963297	-30.402012	-11.457838	-117.8837
9890500000	-11.364636	-122.04269	-0.34003192	-30.419594	-0.32740211	-30.39324	-11.44392	-117.9416
9895750000	-11.328717	-122.12148	-0.33792576	-30.466507	-0.33209726	-30.426991	-11.422561	-118.03449
9901000000	-11.305159	-122.18295	-0.34238175	-30.435101	-0.33264107	-30.469967	-11.414231	-118.06087
9906250000	-11.282879	-122.37654	-0.34483323	-30.500412	-0.3349753	-30.474133	-11.398823	-118.13364
9911500000	-11.250789	-122.46678	-0.34884346	-30.522224	-0.33887139	-30.518167	-11.380127	-118.23156
9916750000	-11.238645	-122.47852	-0.34824932	-30.569212	-0.34412223	-30.518198	-11.355724	-118.29346
9922000000	-11.213758	-122.53686	-0.3532047	-30.57703	-0.344161	-30.575134	-11.343652	-118.36721
9927250000	-11.188443	-122.54582	-0.35506272	-30.61565	-0.34716818	-30.592691	-11.324656	-118.45986
9932500000	-11.161613	-122.64882	-0.35686776	-30.657219	-0.35272378	-30.636831	-11.313146	-118.45177
9937750000	-11.137697	-122.70612	-0.36388275	-30.667656	-0.35166797	-30.631046	-11.295804	-118.55357
9943000000	-11.117968	-122.64239	-0.36775804	-30.678993	-0.35538608	-30.65661	-11.281577	-118.64782
9948250000	-11.08854	-122.77666	-0.36744705	-30.713268	-0.35618758	-30.688713	-11.261187	-118.7322
9953500000	-11.059202	-122.87379	-0.37008992	-30.768204	-0.36251974	-30.745028	-11.240563	-118.81689
9958750000	-11.044656	-122.91827	-0.37209627	-30.764193	-0.36643741	-30.763025	-11.230266	-118.82771
9964000000	-11.019528	-122.90091	-0.374051	-30.783943	-0.3642596	-30.768517	-11.204035	-118.88068
9969250000	-11.012246	-122.95619	-0.37701419	-30.798161	-0.36851045	-30.780712	-11.198072	-118.96181
9974500000	-10.98026	-123.02796	-0.37550646	-30.832447	-0.3660956	-30.820208	-11.176673	-119.06535
9979750000	-10.964254	-123.02424	-0.37724394	-30.837782	-0.36987782	-30.847979	-11.160085	-119.17597
9985000000	-10.940616	-123.05293	-0.38121015	-30.880245	-0.37546125	-30.863358	-11.1437	-119.13944
9990250000	-10.935922	-123.09687	-0.38429341	-30.903267	-0.37823549	-30.898355	-11.137271	-119.18742
9995500000	-10.911217	-123.09102	-0.38335237	-30.928736	-0.37393337	-30.896559	-11.115895	-119.31873
10000750000	-10.909664	-123.10564	-0.38964018	-30.947983	-0.37717718	-30.93153	-11.105468	-119.44803
10006000000	-10.878553	-123.17786	-0.39202285	-30.975092	-0.38426825	-30.956549	-11.084231	-119.43776
10011250000	-10.871636	-123.11891	-0.39090541	-30.989775	-0.38429028	-30.970861	-11.078589	-119.49091
10016500000	-10.856455	-123.14039	-0.39253414	-31.002653	-0.38603267	-30.97998	-11.067155	-119.56367
10021750000	-10.84117	-123.13837	-0.39111558	-31.014233	-0.38838509	-31.007523	-11.049712	-119.64159
10027000000	-10.8281	-123.18862	-0.38910779	-31.028786	-0.38623238	-31.013653	-11.038986	-119.74171
10032250000	-10.813068	-123.21294	-0.3950665	-31.081196	-0.38780624	-31.020441	-11.029056	-119.79536
10037500000	-10.807724	-123.21485	-0.39918369	-31.076937	-0.39039016	-31.035164	-11.020853	-119.81529
10042750000	-10.796997	-123.24258	-0.396833	-31.086298	-0.38980466	-31.074677	-10.997892	-119.9189
10048000000	-10.800562	-123.19666	-0.40132928	-31.111099	-0.39053142	-31.08357	-10.999846	-119.9527
10053250000	-10.785239	-123.1721	-0.39895546	-31.102018	-0.39633024	-31.066303	-10.981524	-119.99464
10058500000	-10.769516	-123.18255	-0.40054193	-31.135889	-0.3931953	-31.100149	-10.976378	-120.02882
10063750000	-10.771199	-123.13621	-0.40229982	-31.141169	-0.39938736	-31.126532	-10.957653	-120.09765
10069000000	-10.764214	-123.11436	-0.40143269	-31.158016	-0.3970345	-31.10281	-10.954915	-120.13442
10074250000	-10.761561	-123.08265	-0.40163854	-31.152466	-0.39538187	-31.142822	-10.949927	-120.18727
10079500000	-10.7513	-123.11467	-0.3982462	-31.156834	-0.3919788	-31.143993	-10.934435	-120.27243
10084750000	-10.752297	-123.07014	-0.40659985	-31.200874	-0.39281097	-31.145803	-10.9519	-120.26304
10090000000	-10.761477	-123.0403	-0.40288132	-31.212315	-0.39286628	-31.16741	-10.944078	-120.35612
10095250000	-10.757004	-123.03923	-0.4036451	-31.218084	-0.38538295	-31.181973	-10.930919	-120.36714
10100500000	-10.753887	-122.92547	-0.39741531	-31.237232	-0.38899305	-31.171799	-10.919744	-120.36756
10105750000	-10.761683	-122.87945	-0.4037545	-31.236713	-0.39167756	-31.190514	-10.926358	-120.40692
10111000000	-10.762737	-122.87147	-0.39650574	-31.226898	-0.39060682	-31.200558	-10.916114	-120.41881
10116250000	-10.770492	-122.82311	-0.39703107	-31.229853	-0.39225888	-31.218719	-10.916848	-120.53036
10121500000	-10.774016	-122.79564	-0.39952645	-31.21546	-0.39074296	-31.20573	-10.914211	-120.56045
10126750000	-10.778794	-122.80948	-0.39900276	-31.26022	-0.38817215	-31.201082	-10.914032	-120.59131
10132000000	-10.796753	-122.75819	-0.39637113	-31.266083	-0.38907367	-31.211622	-10.92345	-120.61628
10137250000	-10.802405	-122.73701	-0.39719993	-31.277018	-0.38334638	-31.222721	-10.918283	-120.72134
10142500000	-10.824674	-122.66505	-0.39245674	-31.263006	-0.38112679	-31.256432	-10.928902	-120.70741
10147750000	-10.827026	-122.67214	-0.39343801	-31.271345	-0.38386083	-31.230522	-10.93242	-120.66099
10153000000	-10.841372	-122.57423	-0.39256144	-31.294172	-0.38028574	-31.251261	-10.932441	-120.66251
10158250000	-10.848285	-122.44537	-0.39660484	-31.296549	-0.38161442	-31.255615	-10.919493	-120.6951
10163500000	-10.865823	-122.43903	-0.39236867	-31.29825	-0.38246849	-31.255571	-10.930562	-120.66331
10168750000	-10.874653	-122.3693	-0.39000738	-31.285685	-0.377817	-31.242119	-10.922605	-120.72702
10174000000	-10.881147	-122.33922	-0.39176947	-31.275608	-0.38031122	-31.233456	-10.93424	-120.71037
10179250000	-10.893719	-122.27563	-0.38524139	-31.315126	-0.37712795	-31.227602	-10.942861	-120.67751
10184500000	-10.915458	-122.24004	-0.38349825	-31.299974	-0.37878034	-31.252008	-10.952904	-120.70552
10189750000	-10.942374	-122.23176	-0.38756022	-31.310806	-0.37001446	-31.270088	-10.968078	-120.6645
10195000000	-10.953621	-122.13879	-0.37481543	-31.297142	-0.36458993	-31.264656	-10.966721	-120.72672
10200250000	-10.986061	-122.04672	-0.38240048	-31.329924	-0.36476886	-31.261715	-10.992077	-120.68387
10205500000	-11.006444	-121.93707	-0.37797225	-31.326925	-0.36462209	-31.277424	-11.001146	-120.69168
10210750000	-11.021683	-121.78599	-0.37409207	-31.29698	-0.36592883	-31.262125	-10.999873	-120.64281
10216000000	-11.045795	-121.77221	-0.37481952	-31.321455	-0.36111021	-31.262804	-11.023365	-120.58874
10221250000	-11.053537	-121.63435	-0.36841676	-31.286238	-0.35656923	-31.263723	-11.024946	-120.68319
10226500000	-11.086502	-121.6179	-0.36941552	-31.283239	-0.35877112	-31.268408	-11.045067	-120.64898
10231750000	-11.095529	-121.64243	-0.36287013	-31.310936	-0.35159475	-31.284754	-11.050423	-120.662
10237000000	-11.130541	-121.5535	-0.36234969	-31.310884	-0.35457963	-31.271181	-11.069854	-120.67884
10242250000	-11.137528	-121.48685	-0.36045283	-31.302122	-0.3459048	-31.2955	-11.078577	-120.63319
10247500000	-11.164483	-121.41927	-0.35944757	-31.337765	-0.34767032	-31.262531	-11.102114	-120.55358
10252750000	-11.196313	-121.39832	-0.35756844	-31.299244	-0.34202963	-31.308187	-11.116671	-120.60297
10258000000	-11.224214	-121.30064	-0.35317969	-31.333046	-0.34404719	-31.294998	-11.124208	-120.52287
10263250000	-11.24785	-121.20531	-0.34912148	-31.309549	-0.33555457	-31.272295	-11.130479	-120.51242
10268500000	-11.265081	-121.19807	-0.35235667	-31.303255	-0.33611196	-31.28583	-11.146792	-120.48439
10273750000	-11.283363	-121.16063	-0.34944615	-31.323986	-0.33180416	-31.275488	-11.158821	-120.48171
10279000000	-11.304688	-121.13576	-0.33957967	-31.326735	-0.33014375	-31.301397	-11.175677	-120.43642
10284250000	-11.325802	-121.06412	-0.34074333	-31.336002	-0.32946464	-31.290958	-11.189977	-120.39056
10289500000	-11.361665	-120.96745	-0.33984464	-31.331635	-0.32274786	-31.278271	-11.201524	-120.28703
10294750000	-11.383106	-120.88689	-0.34198037	-31.335358	-0.32233793	-31.327995	-11.218925	-120.2934
10300000000	-11.39623	-120.97507	-0.34080055	-31.366388	-0.32100537	-31.313389	-11.246598	-120.16674
10305250000	-11.415784	-120.86929	-0.33180687	-31.345985	-0.31835431	-31.295046	-11.251323	-120.08933
10310500000	-11.449498	-120.77676	-0.32958916	-31.369011	-0.32163796	-31.327461	-11.275063	-120.10762
10315750000	-11.465819	-120.744	-0.32797185	-31.366777	-0.31185088	-31.317894	-11.287718	-120.09936
10321000000	-11.486769	-120.72598	-0.32977283	-31.339117	-0.30829194	-31.326237	-11.310584	-120.05347
10326250000	-11.509692	-120.71004	-0.331855	-31.362341	-0.30621308	-31.321465	-11.332649	-119.9381
10331500000	-11.541389	-120.61676	-0.32580304	-31.37871	-0.30554223	-31.344807	-11.351357	-119.97655
10336750000	-11.552752	-120.6154	-0.320375	-31.371271	-0.31260324	-31.335669	-11.367469	-119.89313
10342000000	-11.574268	-120.58964	-0.31477153	-31.381971	-0.30534714	-31.350435	-11.38483	-119.91382
10347250000	-11.596614	-120.51949	-0.31926826	-31.414888	-0.30410376	-31.369625	-11.402113	-119.94602
10352500000	-11.614972	-120.64604	-0.31580183	-31.404343	-0.30528137	-31.36655	-11.420815	-119.81609
10357750000	-11.62966	-120.60629	-0.3153294	-31.420773	-0.30645615	-31.381626	-11.427943	-119.80947
10363000000	-11.648256	-120.58263	-0.31497338	-31.413294	-0.30404854	-31.374767	-11.438346	-119.73949
10368250000	-11.662689	-120.62335	-0.3145301	-31.440178	-0.29745474	-31.423603	-11.463417	-119.69502
10373500000	-11.676783	-120.60287	-0.31075567	-31.435516	-0.29613695	-31.423153	-11.456479	-119.69672
10378750000	-11.682389	-120.52254	-0.31111917	-31.439983	-0.2956441	-31.434536	-11.476924	-119.67871
10384000000	-11.698415	-120.56669	-0.30748382	-31.464432	-0.29384089	-31.448053	-11.473618	-119.6442
10389250000	-11.713122	-120.56311	-0.30928415	-31.483276	-0.28847197	-31.464216	-11.486279	-119.55674
10394500000	-11.713372	-120.51989	-0.30808765	-31.515524	-0.29586998	-31.480478	-11.504173	-119.48498
10399750000	-11.711602	-120.57408	-0.30423328	-31.523359	-0.29316348	-31.496109	-11.509368	-119.4621
10405000000	-11.720807	-120.52725	-0.30312675	-31.510603	-0.28590319	-31.529079	-11.509395	-119.41903
10410250000	-11.733396	-120.64977	-0.30492765	-31.502693	-0.28739101	-31.51338	-11.531028	-119.35751
10415500000	-11.742857	-120.71941	-0.3057327	-31.557701	-0.28965843	-31.523096	-11.543813	-119.34068
10420750000	-11.755071	-120.66449	-0.3001543	-31.56506	-0.28917208	-31.531824	-11.563013	-119.31747
10426000000	-11.758806	-120.72085	-0.30156523	-31.584724	-0.29145697	-31.578136	-11.578816	-119.32981
10431250000	-11.767385	-120.70462	-0.30121455	-31.610201	-0.28553581	-31.558588	-11.585647	-119.19835
10436500000	-11.770545	-120.63634	-0.30109182	-31.616669	-0.2853511	-31.606823	-11.5893	-119.19519
10441750000	-11.764569	-120.67905	-0.29632506	-31.634794	-0.28853944	-31.598993	-11.596867	-119.21009
10447000000	-11.760205	-120.74483	-0.29461312	-31.647255	-0.29065263	-31.631184	-11.604477	-119.13412
10452250000	-11.755618	-120.84199	-0.30184525	-31.666014	-0.28307056	-31.650158	-11.607581	-119.17888
10457500000	-11.761808	-120.90549	-0.30192244	-31.691883	-0.28891671	-31.659412	-11.614509	-119.19854
10462750000	-11.75078	-121.07318	-0.30214131	-31.702839	-0.29233566	-31.686621	-11.617034	-119.21976
10468000000	-11.752534	-121.15019	-0.3013435	-31.731113	-0.29215172	-31.710331	-11.618122	-119.19868
10473250000	-11.757967	-121.24515	-0.29978421	-31.754082	-0.29413882	-31.712074	-11.616769	-119.20974
10478500000	-11.751447	-121.27853	-0.30388021	-31.760677	-0.29062575	-31.763304	-11.618276	-119.18131
10483750000	-11.749793	-121.35319	-0.29664493	-31.777197	-0.29215097	-31.786423	-11.615246	-119.21764
10489000000	-11.729192	-121.43192	-0.30048835	-31.800571	-0.29011223	-31.796806	-11.606269	-119.06699
10494250000	-11.714311	-121.46851	-0.31261837	-31.847988	-0.29824343	-31.8354	-11.605422	-119.08423
10499500000	-11.70083	-121.51799	-0.30948022	-31.845747	-0.29225901	-31.841358	-11.597446	-119.04236
10504750000	-11.679773	-121.66654	-0.3051253	-31.901253	-0.29858822	-31.857882	-11.588017	-119.07748
10510000000	-11.657781	-121.74033	-0.31162241	-31.93092	-0.29764822	-31.880335	-11.584565	-119.04105
10515250000	-11.638861	-121.8473	-0.30991334	-31.9464	-0.29729626	-31.92701	-11.574324	-119.05793
10520500000	-11.631301	-121.95883	-0.3114987	-31.950054	-0.30268645	-31.931965	-11.574787	-119.09756
10525750000	-11.616552	-122.00723	-0.31433132	-31.967131	-0.30494493	-31.958872	-11.566385	-119.06413
10531000000	-11.606072	-122.12079	-0.31599936	-31.994854	-0.3019771	-31.975794	-11.563958	-119.04983
10536250000	-11.59081	-122.23778	-0.31887755	-32.033993	-0.30547988	-31.983608	-11.568149	-119.09182
10541500000	-11.562675	-122.25925	-0.31786188	-32.050568	-0.30590659	-32.030499	-11.550459	-119.04948
10546750000	-11.557023	-122.37977	-0.32228053	-32.078999	-0.31152382	-32.071072	-11.553455	-119.12678
10552000000	-11.526463	-122.47231	-0.32284516	-32.107155	-0.30938274	-32.097805	-11.531065	-119.1292
10557250000	-11.513143	-122.51712	-0.32135129	-32.103741	-0.31507757	-32.123692	-11.529143	-119.17433
10562500000	-11.49536	-122.69435	-0.32549733	-32.146374	-0.31648329	-32.138668	-11.519731	-119.18422
10567750000	-11.478623	-122.79813	-0.32996544	-32.179611	-0.31637177	-32.129021	-11.504503	-119.28308
10573000000	-11.445642	-122.9311	-0.32698223	-32.199284	-0.31833091	-32.184536	-11.49069	-119.33801
10578250000	-11.427301	-122.99634	-0.33213049	-32.223988	-0.32003185	-32.196831	-11.477469	-119.33814
10583500000	-11.403593	-123.14315	-0.33404523	-32.262501	-0.32603651	-32.208645	-11.4708	-119.40399
10588750000	-11.378361	-123.31732	-0.33404079	-32.297588	-0.32543087	-32.282322	-11.453909	-119.47137
10594000000	-11.352658	-123.44417	-0.33641613	-32.316338	-0.32324302	-32.310619	-11.430504	-119.39467
10599250000	-11.33467	-123.50052	-0.34126413	-32.325516	-0.33602422	-32.327179	-11.406369	-119.48215
10604500000	-11.305451	-123.62052	-0.34143147	-32.38633	-0.3292256	-32.377628	-11.389208	-119.48154
10609750000	-11.275146	-123.70671	-0.34239104	-32.398392	-0.33792147	-32.413837	-11.369286	-119.53042
10615000000	-11.248572	-123.7884	-0.3478623	-32.419415	-0.33575514	-32.372326	-11.356668	-119.53619
10620250000	-11.226126	-123.85652	-0.34744653	-32.466511	-0.33955264	-32.43322	-11.343822	-119.63302
10625500000	-11.206429	-124.00979	-0.35296708	-32.484756	-0.34021997	-32.453457	-11.325244	-119.74886
10630750000	-11.173242	-124.0635	-0.35363644	-32.508289	-0.34198746	-32.473225	-11.313912	-119.72297
10636000000	-11.145558	-124.17684	-0.3550044	-32.540646	-0.34399843	-32.51292	-11.301405	-119.72879
10641250000	-11.120646	-124.2953	-0.35961714	-32.568169	-0.34847501	-32.52861	-11.285276	-119.75801
10646500000	-11.096278	-124.35985	-0.36077213	-32.592358	-0.34898973	-32.564217	-11.26504	-119.81622
10651750000	-11.083516	-124.47205	-0.36212993	-32.621506	-0.35444012	-32.594803	-11.247705	-119.85755
10657000000	-11.052482	-124.5584	-0.36404303	-32.608704	-0.35392335	-32.630512	-11.236249	-119.89612
10662250000	-11.042134	-124.62553	-0.36743158	-32.65147	-0.3577778	-32.625858	-11.215883	-119.97369
10667500000	-11.019433	-124.68906	-0.37206891	-32.697243	-0.35675555	-32.67157	-11.189115	-120.05485
10672750000	-10.991612	-124.80103	-0.37775767	-32.700432	-0.35738525	-32.705048	-11.177969	-120.21208
10678000000	-10.966408	-124.89427	-0.37483811	-32.73983	-0.36181512	-32.696037	-11.161242	-120.21839
10683250000	-10.948817	-124.99108	-0.38065547	-32.765797	-0.36390528	-32.692043	-11.145052	-120.29109
10688500000	-10.919292	-125.16605	-0.38138273	-32.787025	-0.36579323	-32.748882	-11.122435	-120.32632
10693750000	-10.893052	-125.20838	-0.38339075	-32.798748	-0.36994067	-32.774464	-11.101859	-120.41024
10699000000	-10.882082	-125.29795	-0.38631052	-32.817822	-0.37370038	-32.786324	-11.088035	-120.47847
10704250000	-10.859647	-125.43671	-0.384051	-32.854115	-0.37521115	-32.823795	-11.060821	-120.48564
10709500000	-10.836824	-125.45719	-0.38576397	-32.886738	-0.37766418	-32.854389	-11.035883	-120.56382
10714750000	-10.818697	-125.48621	-0.39010879	-32.898491	-0.37769207	-32.863792	-11.021663	-120.59859
10720000000	-10.794682	-125.52493	-0.39088899	-32.918995	-0.37873858	-32.884926	-11.002816	-120.65719
10725250000	-10.778878	-125.57998	-0.39704514	-32.949757	-0.38445419	-32.895309	-10.981944	-120.68476
10730500000	-10.747845	-125.63699	-0.39618692	-32.973648	-0.37960315	-32.936893	-10.960729	-120.75323
10735750000	-10.727187	-125.71297	-0.40184677	-32.980682	-0.38882408	-32.941681	-10.948504	-120.81299
10741000000	-10.709583	-125.76424	-0.39825356	-33.005718	-0.3864083	-32.994129	-10.933854	-120.89922
10746250000	-10.714698	-125.79401	-0.40212166	-33.023296	-0.38825083	-32.999886	-10.923621	-120.90163
10751500000	-10.704108	-125.86015	-0.40339839	-33.036125	-0.39022893	-33.020966	-10.905713	-120.97816
10756750000	-10.690864	-125.85236	-0.40265256	-33.07312	-0.39021286	-33.005459	-10.893402	-120.9812
10762000000	-10.68026	-125.82913	-0.40396342	-33.088192	-0.39276025	-33.050983	-10.879089	-121.05453
10767250000	-10.67787	-125.82237	-0.4015716	-33.087833	-0.39639023	-33.059937	-10.870152	-121.12693
10772500000	-10.657571	-125.83649	-0.40461206	-33.11998	-0.39537546	-33.063393	-10.857358	-121.21701
10777750000	-10.648405	-125.87794	-0.40781718	-33.124535	-0.39497805	-33.095421	-10.85495	-121.3036
10783000000	-10.635797	-125.88319	-0.40909988	-33.140995	-0.39799222	-33.097996	-10.852703	-121.28375
10788250000	-10.623993	-125.9837	-0.40695024	-33.174881	-0.3999756	-33.12653	-10.825829	-121.35812
10793500000	-10.628606	-125.98167	-0.4117032	-33.150486	-0.40229565	-33.134609	-10.823462	-121.41582
10798750000	-10.627309	-126.01286	-0.40668145	-33.170994	-0.40008506	-33.134861	-10.812328	-121.49389
10804000000	-10.621806	-126.08659	-0.40909675	-33.20388	-0.40103954	-33.18214	-10.795249	-121.56147
10809250000	-10.617899	-126.06385	-0.41171721	-33.221027	-0.40223804	-33.174519	-10.782634	-121.57893
10814500000	-10.609316	-126.09252	-0.41063341	-33.246365	-0.40147176	-33.198311	-10.770735	-121.68726
10819750000	-10.606535	-126.0098	-0.41001415	-33.213295	-0.39959636	-33.201591	-10.759302	-121.72578
10825000000	-10.609894	-126.06674	-0.41435608	-33.274399	-0.40168914	-33.227924	-10.75437	-121.78327
10830250000	-10.607301	-125.94895	-0.41468522	-33.260162	-0.39959133	-33.232761	-10.750278	-121.73121
10835500000	-10.598973	-125.94899	-0.41097277	-33.273235	-0.39856753	-33.247337	-10.733473	-121.76028
10840750000	-10.59538	-125.97595	-0.41328201	-33.308826	-0.40451884	-33.224678	-10.739414	-121.79036
10846000000	-10.600378	-125.92936	-0.4140147	-33.295811	-0.40009972	-33.238049	-10.730726	-121.78185
10851250000	-10.59818	-125.94994	-0.41223207	-33.305466	-0.39870209	-33.251453	-10.728883	-121.86005
10856500000	-10.607901	-125.86629	-0.41008869	-33.313282	-0.40012455	-33.278038	-10.723773	-121.89812
10861750000	-10.607447	-125.8606	-0.4098866	-33.343742	-0.4000636	-33.307178	-10.727522	-121.96877
10867000000	-10.621508	-125.79379	-0.40817586	-33.329746	-0.40149388	-33.279026	-10.734964	-121.96532
10872250000	-10.630354	-125.74805	-0.4040176	-33.336765	-0.3962087	-33.299206	-10.731327	-121.98277
10877500000	-10.635955	-125.71052	-0.40695336	-33.360371	-0.39661795	-33.300335	-10.733523	-122.05441
10882750000	-10.651086	-125.62639	-0.40488026	-33.345615	-0.3936657	-33.31015	-10.739653	-122.02983
10888000000	-10.665915	-125.63338	-0.40143013	-33.344719	-0.39507732	-33.324696	-10.741359	-122.14236
10893250000	-10.675627	-125.52034	-0.40515789	-33.357307	-0.39567065	-33.33289	-10.739328	-122.07395
10898500000	-10.67995	-125.49554	-0.39858791	-33.378124	-0.39122394	-33.316998	-10.742017	-122.15939
10903750000	-10.693505	-125.47148	-0.4020828	-33.379162	-0.38661325	-33.33918	-10.744468	-122.19556
10909000000	-10.708714	-125.44532	-0.39979997	-33.401775	-0.38622254	-33.346127	-10.737218	-122.27847
10914250000	-10.715921	-125.4278	-0.39852411	-33.382996	-0.3836551	-33.368088	-10.751595	-122.28609
10919500000	-10.731583	-125.36497	-0.39539546	-33.387634	-0.38476297	-33.354561	-10.767662	-122.34769
10924750000	-10.742275	-125.30661	-0.39505705	-33.407661	-0.3821117	-33.359402	-10.767578	-122.36847
10930000000	-10.762779	-125.23936	-0.39239889	-33.423466	-0.37940809	-33.361317	-10.770959	-122.39614
10935250000	-10.770622	-125.1615	-0.39084908	-33.405849	-0.3791196	-33.401093	-10.785157	-122.29186
10940500000	-10.78046	-125.06134	-0.38845831	-33.403568	-0.37554276	-33.389774	-10.780233	-122.31291
10945750000	-10.794179	-125.04288	-0.38618419	-33.442955	-0.37563112	-33.409931	-10.787474	-122.28455
10951000000	-10.80486	-124.88655	-0.38271716	-33.457466	-0.36951679	-33.394295	-10.783044	-122.29729
10956250000	-10.827257	-124.7906	-0.38059729	-33.431023	-0.37165403	-33.375629	-10.804428	-122.29976
10961500000	-10.843511	-124.69743	-0.37938103	-33.450653	-0.36720806	-33.395645	-10.810133	-122.3149
10966750000	-10.862606	-124.70789	-0.37865534	-33.425846	-0.36491197	-33.428982	-10.825045	-122.38828
10972000000	-10.877904	-124.5616	-0.3784138	-33.420227	-0.36339647	-33.392319	-10.846163	-122.33472
10977250000	-10.903552	-124.57749	-0.3771846	-33.451664	-0.36080396	-33.39854	-10.866683	-122.31175
10982500000	-10.923684	-124.49161	-0.3735359	-33.449409	-0.35745767	-33.445538	-10.878053	-122.33861
10987750000	-10.953046	-124.40078	-0.36858475	-33.473171	-0.35641423	-33.41687	-10.896385	-122.37932
10993000000	-10.974346	-124.26644	-0.36581942	-33.464386	-0.35441545	-33.424038	-10.907485	-122.25922
10998250000	-10.996028	-124.21806	-0.36597863	-33.485752	-0.35144871	-33.435005	-10.92028	-122.34065
11003500000	-11.012976	-124.10426	-0.36395484	-33.477276	-0.34807941	-33.454945	-10.927123	-122.34877
11008750000	-11.024702	-124.01621	-0.35764319	-33.496887	-0.34313202	-33.455013	-10.927766	-122.42731
11014000000	-11.051795	-123.92551	-0.35973528	-33.485111	-0.35006672	-33.448051	-10.949703	-122.37189
11019250000	-11.059733	-123.89152	-0.35714284	-33.487713	-0.34593245	-33.452232	-10.965984	-122.41013
11024500000	-11.079109	-123.87961	-0.35579157	-33.502796	-0.34000283	-33.463314	-10.98651	-122.45684
11029750000	-11.109116	-123.87311	-0.34947017	-33.504448	-0.33753502	-33.470882	-10.990366	-122.3743
11035000000	-11.121621	-123.82635	-0.34929726	-33.53764	-0.33738023	-33.493118	-11.00981	-122.40253
11040250000	-11.14647	-123.66877	-0.34984696	-33.532623	-0.33310872	-33.487583	-11.022455	-122.33351
11045500000	-11.150651	-123.60636	-0.34442419	-33.541824	-0.33415914	-33.51664	-11.033174	-122.31884
11050750000	-11.174534	-123.52165	-0.34497923	-33.534428	-0.32706562	-33.51178	-11.045064	-122.31004
11056000000	-11.185058	-123.45735	-0.34317842	-33.554554	-0.32452106	-33.529518	-11.060383	-122.26434
11061250000	-11.201405	-123.35441	-0.34397259	-33.565025	-0.32676458	-33.50526	-11.078038	-122.31518
11066500000	-11.209577	-123.31157	-0.3416349	-33.562206	-0.32321155	-33.531685	-11.091301	-122.33563
11071750000	-11.220255	-123.27193	-0.33935547	-33.571693	-0.31826743	-33.549427	-11.113709	-122.25035
11077000000	-11.240301	-123.1913	-0.3343344	-33.578617	-0.31885388	-33.562916	-11.128448	-122.23981
11082250000	-11.260248	-123.16977	-0.33059543	-33.596489	-0.31453812	-33.554291	-11.148853	-122.25537
11087500000	-11.287642	-123.05956	-0.33384481	-33.617912	-0.31216887	-33.580753	-11.171342	-122.22405
11092750000	-11.302344	-122.97605	-0.32736725	-33.620472	-0.31450257	-33.571239	-11.185042	-122.16663
11098000000	-11.322636	-122.93276	-0.32607767	-33.643284	-0.3126747	-33.601391	-11.20558	-122.10694
11103250000	-11.334028	-122.80287	-0.32662794	-33.63958	-0.31215099	-33.614002	-11.209433	-122.17307
11108500000	-11.34557	-122.76888	-0.32395273	-33.657177	-0.31203774	-33.632648	-11.233771	-122.24237
11113750000	-11.355828	-122.78287	-0.3201052	-33.672466	-0.30772275	-33.632057	-11.2377	-122.24561
11119000000	-11.369843	-122.77365	-0.32117784	-33.657612	-0.30613196	-33.628159	-11.249064	-122.25092
11124250000	-11.387991	-122.74481	-0.3221834	-33.691483	-0.30923897	-33.656555	-11.267642	-122.26218
11129500000	-11.387405	-122.827	-0.32007059	-33.691994	-0.30643463	-33.663933	-11.281402	-122.21897
11134750000	-11.404496	-122.74352	-0.31739292	-33.724194	-0.30438188	-33.693913	-11.295733	-122.27711
11140000000	-11.410941	-122.82771	-0.30956182	-33.740059	-0.29942164	-33.703568	-11.304013	-122.2611
11145250000	-11.430644	-122.70849	-0.31599966	-33.748196	-0.30640888	-33.731396	-11.312071	-122.16407
11150500000	-11.426012	-122.72331	-0.31475759	-33.740719	-0.304012	-33.747654	-11.298554	-122.19038
11155750000	-11.437499	-122.71025	-0.31321657	-33.797058	-0.30244517	-33.739731	-11.31526	-122.16975
11161000000	-11.439113	-122.73211	-0.31300208	-33.816734	-0.30085763	-33.751667	-11.318247	-122.07387
11166250000	-11.436676	-122.68487	-0.31106055	-33.820808	-0.30290148	-33.777527	-11.323122	-122.11098
11171500000	-11.438451	-122.70573	-0.30902338	-33.840744	-0.30527237	-33.807896	-11.337399	-122.10902
11176750000	-11.441168	-122.69323	-0.31241441	-33.848682	-0.29959831	-33.854958	-11.34043	-122.09051
11182000000	-11.461144	-122.72923	-0.3108677	-33.851875	-0.2962516	-33.880695	-11.348969	-122.04502
11187250000	-11.435642	-122.66064	-0.30507967	-33.883888	-0.30478054	-33.872322	-11.358815	-122.03492
11192500000	-11.438479	-122.66518	-0.3092334	-33.891426	-0.29903859	-33.864216	-11.376386	-122.04746
11197750000	-11.440447	-122.7553	-0.30794019	-33.937477	-0.29669377	-33.896259	-11.384322	-122.06675
11203000000	-11.442726	-122.84084	-0.30646878	-33.934536	-0.30152649	-33.901642	-11.409231	-122.06846
11208250000	-11.43686	-122.83893	-0.31290212	-33.954006	-0.3035855	-33.926342	-11.407387	-122.06037
11213500000	-11.437941	-122.92617	-0.31041047	-33.961342	-0.29685953	-33.948986	-11.410973	-122.05349
11218750000	-11.447207	-122.95869	-0.31140295	-33.998638	-0.30144554	-33.976437	-11.411951	-122.02566
11224000000	-11.429235	-122.94302	-0.31070191	-33.996689	-0.30311972	-33.978111	-11.42132	-122.09301
11229250000	-11.441339	-123.01335	-0.30994537	-34.045094	-0.30292556	-34.005981	-11.414207	-122.09875
11234500000	-11.439044	-123.02488	-0.3120051	-34.050644	-0.30286333	-34.028896	-11.421856	-122.09889
11239750000	-11.417186	-123.08134	-0.31193778	-34.078461	-0.30173296	-34.034145	-11.412901	-122.17979
11245000000	-11.397409	-123.16323	-0.31500766	-34.064129	-0.30646825	-34.063034	-11.405172	-122.14185
11250250000	-11.393265	-123.26739	-0.31566432	-34.107876	-0.30733898	-34.080219	-11.405467	-122.17983
11255500000	-11.38552	-123.39272	-0.31490079	-34.145248	-0.30853263	-34.080048	-11.405032	-122.09823
11260750000	-11.372819	-123.52852	-0.3148351	-34.160236	-0.30403629	-34.139019	-11.397428	-122.21733
11266000000	-11.352829	-123.61018	-0.31723174	-34.171108	-0.30983657	-34.146698	-11.402066	-122.10729
11271250000	-11.339436	-123.68627	-0.321316	-34.201916	-0.30735624	-34.160805	-11.40237	-122.10618
11276500000	-11.32822	-123.72153	-0.31735787	-34.231567	-0.31241336	-34.200935	-11.391644	-122.00488
11281750000	-11.311757	-123.83411	-0.31749037	-34.235962	-0.31207448	-34.24157	-11.392874	-122.05918
11287000000	-11.297063	-123.87935	-0.31896535	-34.282158	-0.30787429	-34.194233	-11.379957	-122.00169
11292250000	-11.281775	-123.96113	-0.31643167	-34.288448	-0.30609819	-34.235806	-11.375932	-122.03701
11297500000	-11.259537	-124.10503	-0.31790113	-34.306774	-0.31032825	-34.250153	-11.380934	-122.06276
11302750000	-11.242718	-124.20483	-0.3225596	-34.341686	-0.30972454	-34.29974	-11.369685	-122.06827
11308000000	-11.2441	-124.35948	-0.32841712	-34.37553	-0.31372261	-34.333546	-11.375667	-122.02029
11313250000	-11.229131	-124.44103	-0.3275429	-34.384377	-0.31822088	-34.317574	-11.367216	-122.01219
11318500000	-11.212931	-124.57755	-0.32726002	-34.431335	-0.3187463	-34.381828	-11.359495	-122.11598
11323750000	-11.190182	-124.71013	-0.32946467	-34.455055	-0.31692779	-34.402565	-11.352196	-122.09669
11329000000	-11.180753	-124.71662	-0.33184969	-34.454227	-0.32299963	-34.424545	-11.345144	-122.13053
11334250000	-11.155589	-124.83054	-0.33691153	-34.473282	-0.32894576	-34.459255	-11.340249	-122.07343
11339500000	-11.142462	-125.03185	-0.33405751	-34.502785	-0.32710221	-34.472839	-11.326611	-122.15821
11344750000	-11.10903	-125.16068	-0.34198791	-34.515793	-0.32761374	-34.49398	-11.294589	-122.20914
11350000000	-11.096239	-125.30848	-0.34164742	-34.540611	-0.32745913	-34.527817	-11.289594	-122.286
11355250000	-11.085456	-125.55554	-0.34472021	-34.595932	-0.33261299	-34.560371	-11.280842	-122.25544
11360500000	-11.067465	-125.61096	-0.34417623	-34.579239	-0.33868212	-34.558533	-11.26796	-122.29693
11365750000	-11.05054	-125.71664	-0.3540619	-34.629604	-0.33204803	-34.583981	-11.232928	-122.3159
11371000000	-11.033044	-125.94126	-0.34469631	-34.646801	-0.33136305	-34.613033	-11.230061	-122.26209
11376250000	-11.003945	-126.04905	-0.34817204	-34.656956	-0.33308375	-34.614243	-11.210052	-122.23721
11381500000	-10.989697	-126.01168	-0.34979585	-34.675659	-0.33757839	-34.647243	-11.194533	-122.2742
11386750000	-10.971906	-126.16839	-0.35290745	-34.71777	-0.33403933	-34.69648	-11.17406	-122.21999
11392000000	-10.949233	-126.23367	-0.35557979	-34.742004	-0.34000486	-34.721275	-11.156854	-122.16336
11397250000	-10.92454	-126.33817	-0.36230189	-34.751003	-0.34196213	-34.737236	-11.151086	-122.15282
11402500000	-10.910767	-126.48897	-0.36303398	-34.771393	-0.34556168	-34.752674	-11.127338	-122.32548
11407750000	-10.888973	-126.65467	-0.36288184	-34.824112	-0.34668216	-34.762829	-11.10717	-122.30994
11413000000	-10.874146	-126.7607	-0.3651154	-34.838947	-0.35223618	-34.766823	-11.107019	-122.34644
11418250000	-10.85987	-126.82521	-0.36621526	-34.823586	-0.35264629	-34.813267	-11.110817	-122.36987
11423500000	-10.847087	-127.03817	-0.37011597	-34.850784	-0.3527346	-34.833054	-11.081258	-122.34531
11428750000	-10.834324	-127.06645	-0.36712047	-34.866268	-0.35408983	-34.823658	-11.078362	-122.30914
11434000000	-10.81354	-127.1926	-0.37674284	-34.908939	-0.35287568	-34.862335	-11.057515	-122.31708
11439250000	-10.809776	-127.28345	-0.37544703	-34.888783	-0.35613325	-34.886036	-11.048663	-122.38425
11444500000	-10.785703	-127.4443	-0.37935436	-34.930431	-0.3595809	-34.918076	-11.023257	-122.43868
11449750000	-10.780163	-127.58514	-0.3754741	-34.998741	-0.36128679	-34.922096	-10.997339	-122.44373
11455000000	-10.779729	-127.62751	-0.378905	-34.984344	-0.36878189	-34.963799	-10.998344	-122.51115
11460250000	-10.757007	-127.75388	-0.38283026	-34.991806	-0.36091641	-34.966694	-10.973228	-122.54835
11465500000	-10.744527	-127.83008	-0.38439122	-35.006641	-0.36917129	-34.989693	-10.957329	-122.65065
11470750000	-10.724441	-127.98702	-0.38560754	-35.039021	-0.36920583	-35.006001	-10.947732	-122.62157
11476000000	-10.71268	-128.03133	-0.38508487	-35.062088	-0.36789408	-35.018444	-10.928994	-122.57156
11481250000	-10.703401	-128.07953	-0.38812616	-35.061192	-0.37370917	-35.027924	-10.905173	-122.6347
11486500000	-10.680204	-128.17737	-0.38597202	-35.084911	-0.37258846	-35.039207	-10.892098	-122.53884
11491750000	-10.670144	-128.29572	-0.38879201	-35.082668	-0.37829068	-35.086189	-10.877644	-122.61256
11497000000	-10.660604	-128.39163	-0.390057	-35.118168	-0.37615967	-35.1255	-10.861804	-122.62408
11502250000	-10.653008	-128.40369	-0.39176056	-35.101311	-0.37731192	-35.120064	-10.841516	-122.60862
11507500000	-10.634611	-128.48123	-0.39438018	-35.172127	-0.38123021	-35.135281	-10.82058	-122.67393
11512750000	-10.638721	-128.53807	-0.3946096	-35.175251	-0.37816983	-35.15493	-10.809072	-122.65443
11518000000	-10.619015	-128.54158	-0.39803892	-35.198414	-0.3795321	-35.162987	-10.80175	-122.71561
11523250000	-10.621801	-128.55742	-0.39517111	-35.194393	-0.38037258	-35.165562	-10.797174	-122.71718
11528500000	-10.610211	-128.66223	-0.39714074	-35.235596	-0.38322061	-35.204037	-10.774837	-122.74136
11533750000	-10.60705	-128.68561	-0.39532328	-35.244194	-0.38164833	-35.193333	-10.773213	-122.73458
11539000000	-10.596372	-128.78888	-0.39662689	-35.263306	-0.3813484	-35.214294	-10.7675	-122.73869
11544250000	-10.597697	-128.82298	-0.39354849	-35.275021	-0.38225195	-35.235214	-10.750937	-122.78623
11549500000	-10.608199	-128.90105	-0.39959508	-35.252148	-0.38242951	-35.219505	-10.748057	-122.89312
11554750000	-10.611993	-128.88599	-0.397461	-35.281891	-0.38724363	-35.250854	-10.735813	-122.86639
11560000000	-10.612084	-128.92798	-0.39919025	-35.30621	-0.3821725	-35.267307	-10.723112	-122.86929
11565250000	-10.60396	-128.95486	-0.39882156	-35.295849	-0.38900253	-35.297756	-10.716024	-122.94544
11570500000	-10.595623	-128.92958	-0.39888504	-35.322346	-0.38635296	-35.293549	-10.698895	-122.92915
11575750000	-10.588269	-128.91644	-0.3944757	-35.339931	-0.38505238	-35.282001	-10.692103	-122.89014
11581000000	-10.587844	-129.02956	-0.40014341	-35.357948	-0.38893136	-35.318199	-10.681594	-123.0237
11586250000	-10.582067	-128.96678	-0.40000984	-35.37746	-0.38510138	-35.32795	-10.674433	-122.97807
11591500000	-10.585188	-129.0927	-0.39770454	-35.377918	-0.3846015	-35.367004	-10.675083	-123.03195
11596750000	-10.601778	-129.10678	-0.40135273	-35.390053	-0.38685587	-35.390335	-10.654146	-123.01948
11602000000	-10.604629	-129.00955	-0.39930221	-35.400024	-0.38239086	-35.373936	-10.65346	-122.9795
11607250000	-10.610392	-129.03479	-0.39911461	-35.420124	-0.38790604	-35.413525	-10.650646	-123.07564
11612500000	-10.606804	-128.94508	-0.39691606	-35.418083	-0.38240451	-35.395424	-10.633283	-123.06594
11617750000	-10.605726	-128.85045	-0.39134717	-35.448475	-0.37888536	-35.401039	-10.635189	-123.0151
11623000000	-10.610435	-128.91785	-0.39235678	-35.459362	-0.38123727	-35.428848	-10.636826	-123.08096
11628250000	-10.618748	-128.88971	-0.39426011	-35.477329	-0.38592312	-35.453243	-10.636712	-123.06591
11633500000	-10.616614	-128.87186	-0.39500302	-35.496372	-0.38144329	-35.45689	-10.627818	-123.07961
11638750000	-10.63919	-128.83188	-0.39270249	-35.487221	-0.37763375	-35.42429	-10.640326	-123.13259
11644000000	-10.625011	-128.80574	-0.39202809	-35.499249	-0.38270646	-35.481419	-10.633738	-123.14037
11649250000	-10.650988	-128.80946	-0.38889852	-35.494846	-0.38015568	-35.493973	-10.637469	-123.14194
11654500000	-10.668177	-128.77847	-0.39139473	-35.526268	-0.37749085	-35.498203	-10.637937	-123.16933
11659750000	-10.678268	-128.70667	-0.3869071	-35.525139	-0.37546307	-35.490139	-10.643908	-123.16913
11665000000	-10.681185	-128.63501	-0.3870146	-35.540611	-0.37466633	-35.486755	-10.648461	-123.18398
11670250000	-10.687229	-128.58466	-0.39061922	-35.56102	-0.36867428	-35.507404	-10.64846	-123.21556
11675500000	-10.702337	-128.56737	-0.38862723	-35.537884	-0.36984557	-35.550163	-10.648772	-123.2384
11680750000	-10.709159	-128.58275	-0.38508591	-35.552605	-0.36684844	-35.539928	-10.642046	-123.20941
11686000000	-10.727034	-128.47124	-0.38673726	-35.593594	-0.36556992	-35.544548	-10.644896	-123.26598
11691250000	-10.728641	-128.4501	-0.38094297	-35.604301	-0.36772615	-35.54554	-10.651776	-123.33625
11696500000	-10.740072	-128.37564	-0.37903491	-35.607128	-0.36310557	-35.555828	-10.655577	-123.32068
11701750000	-10.748482	-128.2466	-0.3781049	-35.632256	-0.35913774	-35.572758	-10.654321	-123.36903
11707000000	-10.763412	-128.21616	-0.37802216	-35.660229	-0.36201251	-35.600319	-10.669853	-123.36793
11712250000	-10.772995	-128.12834	-0.37848663	-35.648102	-0.36191723	-35.619213	-10.665164	-123.44246
11717500000	-10.779354	-128.02759	-0.37119812	-35.650509	-0.35731316	-35.623844	-10.673676	-123.38306
11722750000	-10.792275	-127.91398	-0.37468988	-35.703781	-0.36045396	-35.615635	-10.675488	-123.35036
11728000000	-10.795983	-127.87582	-0.37448707	-35.681881	-0.35653931	-35.652111	-10.68356	-123.39827
11733250000	-10.804645	-127.75943	-0.36416182	-35.693214	-0.35666245	-35.653419	-10.691848	-123.43279
11738500000	-10.813543	-127.63964	-0.36364973	-35.703781	-0.34990564	-35.675922	-10.688137	-123.44244
11743750000	-10.835438	-127.66138	-0.36516279	-35.712223	-0.35164022	-35.678165	-10.702738	-123.48756
11749000000	-10.843649	-127.55148	-0.36457783	-35.716965	-0.35156825	-35.683846	-10.714998	-123.49843
11754250000	-10.859005	-127.47118	-0.3607021	-35.749119	-0.34939751	-35.698872	-10.715238	-123.53009
11759500000	-10.861463	-127.36341	-0.35892099	-35.741413	-0.34955102	-35.730263	-10.732249	-123.54704
11764750000	-10.871109	-127.29442	-0.36102232	-35.779266	-0.34682852	-35.725796	-10.748453	-123.50086
11770000000	-10.898014	-127.23306	-0.36050501	-35.796013	-0.34190643	-35.741226	-10.759843	-123.5155
11775250000	-10.900099	-127.23117	-0.35849473	-35.806984	-0.34343147	-35.774723	-10.764071	-123.55682
11780500000	-10.906647	-127.10632	-0.35652024	-35.825874	-0.34159952	-35.771629	-10.769441	-123.55563
11785750000	-10.933225	-126.99923	-0.35209733	-35.82423	-0.34336141	-35.767746	-10.771808	-123.60218
11791000000	-10.942645	-126.8867	-0.35121068	-35.848324	-0.33732897	-35.796677	-10.77869	-123.59834
11796250000	-10.947324	-126.82127	-0.35106787	-35.844452	-0.33919463	-35.788998	-10.791464	-123.63319
11801500000	-10.950133	-126.66605	-0.34976158	-35.879902	-0.33635369	-35.832123	-10.808002	-123.70466
11806750000	-10.962567	-126.64461	-0.34895286	-35.871452	-0.33389279	-35.844967	-10.821842	-123.74088
11812000000	-10.963914	-126.60805	-0.34630919	-35.910065	-0.3328779	-35.850536	-10.837771	-123.74033
11817250000	-10.967865	-126.49252	-0.34566718	-35.880512	-0.33017603	-35.862095	-10.854717	-123.74824
11822500000	-10.980468	-126.45912	-0.348501	-35.922554	-0.32925636	-35.86396	-10.866968	-123.74492
11827750000	-10.981812	-126.32775	-0.34229138	-35.921776	-0.32766703	-35.887741	-10.864476	-123.67022
11833000000	-10.994127	-126.26568	-0.34229442	-35.924194	-0.32902071	-35.905346	-10.869187	-123.74619
11838250000	-11.008047	-126.08666	-0.34003291	-35.941704	-0.32968965	-35.914715	-10.881113	-123.79886
11843500000	-11.013906	-126.06698	-0.34198394	-35.963428	-0.33073285	-35.968761	-10.897254	-123.85367
11848750000	-11.011687	-126.00384	-0.33996207	-36.004753	-0.32805938	-35.950504	-10.9058	-123.93024
11854000000	-11.014797	-125.87372	-0.33920664	-36.008461	-0.32655749	-35.971252	-10.922226	-123.91742
11859250000	-11.013938	-125.8939	-0.33447713	-36.033867	-0.32630065	-35.971363	-10.920845	-124.00558
11864500000	-11.027039	-125.8635	-0.33717918	-36.073147	-0.3253704	-35.998573	-10.957185	-124.04967
11869750000	-11.034125	-125.90147	-0.33376265	-36.04084	-0.32400897	-36.010914	-10.953306	-124.01108
11875000000	-11.036465	-125.92682	-0.33619276	-36.07058	-0.32408002	-36.031097	-10.971565	-124.00087
11880250000	-11.047639	-125.80356	-0.33268666	-36.090309	-0.32416546	-36.058216	-10.995201	-123.9893
11885500000	-11.053871	-125.81557	-0.3325825	-36.120792	-0.32989219	-36.054829	-10.986602	-123.9571
11890750000	-11.067652	-125.75216	-0.33380282	-36.12389	-0.32846013	-36.108788	-10.99965	-124.0682
11896000000	-11.062187	-125.67965	-0.33216172	-36.131184	-0.32571003	-36.095711	-11.001593	-124.0946
11901250000	-11.053515	-125.64024	-0.33847225	-36.184532	-0.32651901	-36.129158	-11.016891	-124.18104
11906500000	-11.048365	-125.54452	-0.33688122	-36.183712	-0.32638428	-36.137367	-11.027364	-124.25822
11911750000	-11.04322	-125.63235	-0.33726251	-36.200226	-0.3201057	-36.141438	-11.02719	-124.21313
11917000000	-11.031525	-125.62729	-0.33443984	-36.208733	-0.31681806	-36.194889	-11.040634	-124.27233
11922250000	-11.036626	-125.61901	-0.33446676	-36.238304	-0.32297987	-36.187492	-11.049388	-124.21038
11927500000	-11.037648	-125.57733	-0.33471331	-36.23317	-0.32060951	-36.232521	-11.060252	-124.17672
11932750000	-11.03598	-125.65601	-0.33566448	-36.276421	-0.32306349	-36.249737	-11.064219	-124.22676
11938000000	-11.037506	-125.60214	-0.33355388	-36.267551	-0.31905261	-36.253071	-11.068842	-124.29627
11943250000	-11.044213	-125.58157	-0.33602622	-36.3181	-0.32355195	-36.284435	-11.080498	-124.31258
11948500000	-11.026952	-125.6236	-0.33422872	-36.315971	-0.32059869	-36.281315	-11.072908	-124.34918
11953750000	-11.029761	-125.53907	-0.33593768	-36.334827	-0.32614386	-36.298317	-11.098389	-124.36832
11959000000	-11.02309	-125.616	-0.33796769	-36.322247	-0.32666302	-36.305679	-11.096747	-124.47543
11964250000	-11.013564	-125.70716	-0.33623922	-36.377476	-0.3267301	-36.347786	-11.097625	-124.44991
11969500000	-10.99923	-125.71656	-0.337558	-36.369396	-0.32533354	-36.34668	-11.107819	-124.49823
11974750000	-10.99966	-125.7204	-0.34019291	-36.392582	-0.32477778	-36.378399	-11.112898	-124.47591
11980000000	-10.988942	-125.78624	-0.33778813	-36.415657	-0.32432449	-36.38562	-11.109928	-124.54275
11985250000	-10.983199	-125.81271	-0.33651286	-36.464306	-0.32727996	-36.413479	-11.119296	-124.63538
11990500000	-10.975474	-125.93966	-0.33937508	-36.470665	-0.33036658	-36.439461	-11.118484	-124.55519
11995750000	-10.96305	-125.96242	-0.33939469	-36.504642	-0.32977811	-36.438679	-11.126256	-124.63739
12001000000	-10.951192	-126.00066	-0.33809018	-36.505466	-0.33370695	-36.466656	-11.119206	-124.66036
12006250000	-10.943841	-126.13942	-0.34419525	-36.529663	-0.32583115	-36.488396	-11.114777	-124.63789
12011500000	-10.938752	-126.15361	-0.33962214	-36.543758	-0.32574239	-36.51128	-11.122117	-124.64437
12016750000	-10.92668	-126.25568	-0.34622902	-36.541714	-0.33059874	-36.530193	-11.128386	-124.68217
12022000000	-10.924688	-126.303	-0.34862474	-36.581734	-0.33360204	-36.51265	-11.121124	-124.71796
12027250000	-10.906238	-126.35388	-0.34842119	-36.594528	-0.3351481	-36.53112	-11.117725	-124.69881
12032500000	-10.89979	-126.47519	-0.35255188	-36.615261	-0.33448958	-36.559971	-11.111897	-124.80286
12037750000	-10.895082	-126.4798	-0.35295588	-36.643101	-0.33814046	-36.598377	-11.099577	-124.81366
12043000000	-10.876107	-126.58282	-0.35552612	-36.662766	-0.33940545	-36.606213	-11.106393	-124.81631
12048250000	-10.863787	-126.67831	-0.3542307	-36.663353	-0.33850506	-36.61552	-11.108469	-124.79821
12053500000	-10.859486	-126.80325	-0.35548124	-36.708042	-0.33914119	-36.648258	-11.102874	-124.93136
12058750000	-10.85179	-126.87802	-0.36033148	-36.701698	-0.33909857	-36.659004	-11.096251	-124.85232
12064000000	-10.838679	-127.05785	-0.35637712	-36.738617	-0.34694502	-36.673023	-11.084365	-124.88583
12069250000	-10.833623	-127.15585	-0.35748628	-36.748863	-0.34781355	-36.711548	-11.09301	-124.84665
12074500000	-10.815392	-127.27056	-0.35979757	-36.768131	-0.34753767	-36.726162	-11.069843	-124.8328
12079750000	-10.813274	-127.33478	-0.36351678	-36.788784	-0.34853092	-36.734539	-11.069645	-124.95375
12085000000	-10.791881	-127.46745	-0.36416155	-36.802948	-0.34878084	-36.755009	-11.058557	-124.9326
12090250000	-10.78386	-127.53194	-0.36586109	-36.795532	-0.35131603	-36.732452	-11.054537	-124.89751
12095500000	-10.763804	-127.71307	-0.36661127	-36.81905	-0.35392573	-36.778355	-11.047812	-125.01045
12100750000	-10.747656	-127.87295	-0.36931682	-36.870152	-0.34788644	-36.784122	-11.044703	-124.94665
12106000000	-10.736183	-127.99789	-0.36684662	-36.850086	-0.36222085	-36.819527	-11.039686	-124.93713
12111250000	-10.736548	-128.06024	-0.37293059	-36.86834	-0.35746434	-36.838524	-11.02826	-124.98163
12116500000	-10.725002	-128.25192	-0.36947724	-36.88377	-0.35975757	-36.850765	-11.009492	-125.00938
12121750000	-10.707009	-128.33157	-0.37605375	-36.922844	-0.36125135	-36.883652	-10.998406	-124.93428
12127000000	-10.702521	-128.42685	-0.37268358	-36.941288	-0.36647624	-36.913284	-10.989428	-124.90277
12132250000	-10.691092	-128.49048	-0.37403336	-36.929161	-0.35719621	-36.897156	-10.971404	-124.96656
12137500000	-10.670259	-128.61942	-0.37935162	-36.98048	-0.35913411	-36.910778	-10.958487	-125.05063
12142750000	-10.650585	-128.75851	-0.37763563	-37.00507	-0.36449337	-36.920185	-10.961247	-125.0789
12148000000	-10.642439	-128.8553	-0.38315088	-37.012623	-0.36700141	-36.953056	-10.962561	-125.02988
12153250000	-10.633295	-128.99083	-0.38421515	-37.006638	-0.36858961	-36.984966	-10.94757	-125.00655
12158500000	-10.618319	-129.17537	-0.38044098	-37.022297	-0.36682099	-36.980602	-10.924368	-125.05637
12163750000	-10.619659	-129.32936	-0.38721076	-37.038265	-0.36931384	-36.989384	-10.927374	-125.02213
12169000000	-10.613485	-129.37291	-0.3846435	-37.020401	-0.3715851	-36.997822	-10.905571	-124.97305
12174250000	-10.611826	-129.43971	-0.38388047	-37.05035	-0.37179857	-37.014248	-10.877644	-125.00803
12179500000	-10.59575	-129.60339	-0.39076641	-37.059189	-0.37422672	-37.01656	-10.86511	-124.9944
12184750000	-10.592781	-129.62187	-0.39076284	-37.088161	-0.37776896	-37.061199	-10.848762	-125.02111
12190000000	-10.584024	-129.79086	-0.38981509	-37.097828	-0.37724146	-37.076725	-10.845315	-125.04375
12195250000	-10.5783	-129.91441	-0.38903427	-37.132435	-0.37730131	-37.096275	-10.836419	-125.06638
12200500000	-10.550667	-130.09007	-0.39066714	-37.139294	-0.38138971	-37.065655	-10.822481	-125.00436
12205750000	-10.549034	-130.17023	-0.3902736	-37.139347	-0.37892866	-37.094486	-10.8194	-124.97539
12211000000	-10.540559	-130.29134	-0.39434972	-37.154137	-0.37755382	-37.089859	-10.797936	-124.93372
12216250000	-10.546519	-130.40001	-0.39409047	-37.177341	-0.38251027	-37.123455	-10.796294	-124.92684
12221500000	-10.541254	-130.53227	-0.39225855	-37.195683	-0.37954021	-37.141926	-10.775057	-124.91596
12226750000	-10.535296	-130.53049	-0.39471346	-37.215889	-0.38159892	-37.143147	-10.772397	-124.88497
12232000000	-10.529726	-130.65259	-0.39879739	-37.19096	-0.38504195	-37.171982	-10.748424	-124.90507
12237250000	-10.522898	-130.60159	-0.39322519	-37.16486	-0.38400951	-37.186428	-10.739182	-124.88304
12242500000	-10.509253	-130.70932	-0.39521366	-37.236134	-0.38267851	-37.191341	-10.722968	-124.92292
12247750000	-10.513247	-130.83084	-0.39793032	-37.256123	-0.38002875	-37.183861	-10.717806	-124.87997
12253000000	-10.500237	-130.89154	-0.39918572	-37.26231	-0.37966159	-37.205429	-10.707577	-124.83313
12258250000	-10.513725	-130.99388	-0.39491597	-37.272457	-0.38075867	-37.212723	-10.69527	-124.90312
12263500000	-10.497905	-131.09366	-0.3940576	-37.273636	-0.38545659	-37.26144	-10.682364	-124.9083
12268750000	-10.502933	-131.10773	-0.3992334	-37.289288	-0.38104591	-37.234932	-10.676615	-124.76827
12274000000	-10.51186	-131.12872	-0.39965183	-37.317154	-0.38503653	-37.281494	-10.65505	-124.74643
12279250000	-10.513219	-131.2079	-0.40091482	-37.296223	-0.38346401	-37.262306	-10.638258	-124.84683
12284500000	-10.507489	-131.23363	-0.39619067	-37.307438	-0.38450837	-37.287369	-10.617548	-124.81036
12289750000	-10.507264	-131.36726	-0.39693275	-37.345757	-0.38785911	-37.276814	-10.616211	-124.83436
12295000000	-10.501173	-131.37878	-0.39784193	-37.304668	-0.38223749	-37.269981	-10.605104	-124.83755
12300250000	-10.50737	-131.35951	-0.40065673	-37.343773	-0.38100886	-37.319027	-10.589396	-124.76752
12305500000	-10.507225	-131.49097	-0.3939071	-37.367912	-0.37689787	-37.30167	-10.579711	-124.83142
12310750000	-10.509695	-131.56371	-0.39461392	-37.366425	-0.3782931	-37.319187	-10.580982	-124.74898
12316000000	-10.515448	-131.5351	-0.39679301	-37.418259	-0.37929863	-37.335323	-10.569772	-124.68255
12321250000	-10.50804	-131.62285	-0.39261109	-37.407001	-0.38086021	-37.378544	-10.562945	-124.7178
12326500000	-10.52068	-131.54623	-0.39374006	-37.426754	-0.37873477	-37.382305	-10.550236	-124.67893
12331750000	-10.525382	-131.60754	-0.39547607	-37.401958	-0.37811387	-37.391285	-10.53601	-124.65348
12337000000	-10.517353	-131.5658	-0.39172703	-37.437168	-0.37613988	-37.406544	-10.524097	-124.65333
12342250000	-10.519016	-131.58365	-0.39135426	-37.453121	-0.37476981	-37.420639	-10.520488	-124.63895
12347500000	-10.520843	-131.63982	-0.39321771	-37.481613	-0.37698379	-37.386833	-10.513503	-124.59589
12352750000	-10.545103	-131.48445	-0.38978451	-37.4771	-0.37386259	-37.45689	-10.508721	-124.6282
12358000000	-10.542811	-131.44714	-0.38973367	-37.473831	-0.37630007	-37.41386	-10.510351	-124.61187
12363250000	-10.552	-131.42635	-0.38438708	-37.480827	-0.37610012	-37.426262	-10.507497	-124.60859
12368500000	-10.546104	-131.39413	-0.38626391	-37.477707	-0.37375703	-37.452728	-10.491193	-124.59348
12373750000	-10.566502	-131.33247	-0.38711992	-37.520008	-0.36927298	-37.464626	-10.496673	-124.53094
12379000000	-10.570104	-131.42325	-0.38613302	-37.520367	-0.36943388	-37.468925	-10.495712	-124.59164
12384250000	-10.581373	-131.38828	-0.38185275	-37.526413	-0.36785823	-37.476299	-10.488208	-124.65989
12389500000	-10.576923	-131.35471	-0.38017142	-37.529942	-0.36603442	-37.490955	-10.484011	-124.55036
12394750000	-10.600044	-131.2858	-0.38219836	-37.569878	-0.36521572	-37.510277	-10.479021	-124.58121
12400000000	-10.600604	-131.31227	-0.37763581	-37.566433	-0.36097187	-37.537865	-10.473371	-124.57461